500
312 372
219 217
428 257
81 91
148 132
356 6
20 97
268 97
169 121
164 462
239 457
25 386
462 201
438 297
184 87
183 203
272 233
229 327
168 490
393 478
72 260
314 299
497 460
103 481
454 66
97 372
484 478
476 380
86 169
64 231
248 319
466 433
474 304
440 497
110 350
123 398
21 262
452 429
309 435
489 449
247 148
44 306
444 450
336 427
364 384
27 100
119 369
124 246
151 165
32 328
20 467
79 413
390 415
410 128
9 276
341 4
130 25
347 236
19 416
229 79
29 432
132 156
480 300
234 15
400 91
97 254
379 317
368 271
40 49
194 119
224 259
295 299
437 311
350 407
70 36
52 421
315 139
385 215
22 319
274 10
282 314
196 481
17 423
201 313
2 191
477 237
247 165
14 390
226 406
158 410
449 408
281 56
298 265
203 303
35 46
171 212
138 47
348 278
99 39
298 177
187 258
408 73
214 422
327 482
56 429
150 480
240 451
411 216
254 279
176 431
313 70
419 459
108 195
459 62
34 169
429 110
88 24
21 405
30 209
312 310
294 237
240 19
390 293
300 476
399 209
287 348
332 1
382 160
459 165
305 431
149 423
451 319
415 200
65 216
25 92
169 33
57 469
383 348
459 358
251 60
459 373
190 461
228 53
466 370
100 3
406 22
499 103
95 424
392 195
111 47
56 296
128 420
364 432
314 122
345 194
137 345
307 182
444 169
401 229
359 440
375 123
147 266
362 32
354 176
42 49
327 233
165 151
471 261
144 486
113 182
11 393
93 469
300 421
97 296
147 444
359 497
207 186
224 312
355 354
18 139
493 398
84 409
386 272
95 362
205 484
120 358
449 203
232 188
53 211
419 11
262 487
120 371
349 36
123 45
462 397
442 277
404 496
107 454
326 281
328 119
316 382
112 363
133 339
256 48
78 343
76 149
347 311
112 257
386 414
145 281
356 345
446 277
362 393
142 230
126 260
46 304
287 31
198 204
153 333
224 369
157 477
350 216
380 290
342 395
178 119
54 72
491 324
259 35
423 459
75 71
328 429
59 492
254 460
56 131
343 380
140 48
415 143
315 120
471 207
415 318
458 372
63 396
446 144
331 118
68 24
483 440
280 214
321 451
464 119
255 136
129 193
236 50
132 41
218 488
365 320
60 337
46 402
120 355
30 371
453 484
482 34
191 305
69 312
73 55
293 0
475 10
182 485
93 342
387 452
310 121
493 287
184 5
147 186
18 56
23 329
228 60
224 461
63 47
51 148
88 412
390 345
433 208
137 342
341 221
19 317
74 127
181 491
311 203
448 297
209 154
329 337
488 417
344 89
136 58
184 297
192 400
54 414
89 152
386 38
233 152
435 140
27 32
235 230
16 74
406 250
482 147
93 66
326 297
137 349
60 309
358 267
190 282
365 133
335 289
43 476
437 32
486 453
268 114
64 303
407 379
209 345
108 370
94 272
271 36
14 251
498 237
486 37
494 433
166 316
245 418
155 130
310 84
175 430
90 429
494 290
217 238
353 63
329 129
157 74
226 275
498 406
433 80
310 94
5 194
455 155
327 293
386 11
333 287
17 320
96 321
456 465
496 430
219 397
355 44
213 107
32 33
183 227
340 39
156 168
121 20
480 152
118 386
493 215
181 40
115 237
231 58
346 350
233 239
52 346
304 317
142 135
76 17
216 129
330 154
77 389
362 325
23 428
4 166
65 62
336 321
82 455
216 16
283 290
108 94
198 301
52 46
489 30
168 152
491 98
454 360
137 110
259 442
306 405
445 74
259 105
379 378
211 237
249 23
297 37
168 9
24 122
439 108
245 237
309 234
277 382
465 238
45 308
478 419
378 435
333 430
458 483
107 481
303 217
424 220
445 306
21 134
293 264
453 339
92 187
342 72
24 432
458 487
3 164
105 481
466 162
468 21
293 488
47 364
207 347
359 141
357 175
290 115
133 340
227 284
256 10
214 127
271 301
58 102
494 266
61 75
80 236
391 32
343 130
288 440
251 453
417 158
100 290
408 485
99 135
395 438
344 398
4 27
122 303
293 103
407 184
15 64
107 217
341 17
160 468
3 32
17 233
406 42
12 268
89 127
146 322
204 42
96 403
496 272
413 485
328 360
125 271
429 12
86 353
487 96
433 168
138 414
345 185
491 91
259 279
128 469
200 110
237 411
162 110
367 137
372 497
238 101
161 296
186 95
113 400
347 186
282 346
464 222
141 300
411 323
140 148
315 493
449 185
472 216
371 451
281 325
430 496
213 125
341 256
162 319
280 116
214 106
151 48
241 151
115 126
80 128
338 447
482 6
336 95
450 30
348 462
499 87
298 497
258 46
166 139
422 4
488 91
391 39
250 297
423 27
458 51
290 380
133 496
470 469
276 32
327 343
385 437
401 369
230 255
8 224
253 203
210 382
43 165
195 253
373 431
294 65
83 287
148 334
171 209
411 166
10 491
264 424
45 394
132 465
182 90
64 28
254 63
435 3
376 374
183 247
348 310
60 156
251 379
283 106
325 209
149 182
455 287
129 66
154 50
74 91
475 293
365 229
256 330
228 148
189 303
378 202
293 190
324 360
197 164
45 2
109 207
205 231
465 292
14 128
306 286
321 186
371 492
258 146
121 277
152 310
426 82
250 292
389 459
198 202
332 244
188 280
290 194
228 14
81 393
484 56
50 325
165 286
253 242
158 73
352 10
312 255
171 138
361 169
266 234
197 277
274 304
57 446
472 42
401 493
300 184
208 455
134 393
146 289
17 417
327 167
71 228
1 212
172 187
72 389
398 39
337 474
271 144
319 60
163 206
271 69
204 467
400 128
72 78
155 311
186 355
379 475
259 223
104 248
289 291
90 483
157 99
484 73
345 174
141 375
290 113
166 471
281 333
200 266
337 200
156 235
401 401
34 149
94 80
363 147
314 474
380 391
411 8
378 384
122 137
32 110
381 415
435 499
456 494
106 30
377 460
68 71
178 80
124 287
406 139
292 370
191 43
261 448
96 125
434 98
396 225
343 79
278 481
444 69
53 373
233 429
179 223
434 102
311 298
6 497
394 16
399 152
112 348
366 155
193 363
402 93
266 471
151 66
400 60
397 167
432 22
63 55
310 100
196 411
381 54
338 16
3 112
29 231
231 178
38 349
153 84
443 400
370 346
439 410
326 340
46 223
67 10
99 424
99 422
320 495
432 217
307 304
47 160
343 137
114 12
362 235
356 363
316 241
181 316
175 202
240 89
153 325
288 201
361 428
22 489
324 457
254 231
376 450
29 87
295 64
258 30
227 289
35 102
217 426
128 329
134 432
327 259
301 269
207 351
412 462
446 175
470 273
13 78
44 307
319 459
288 372
68 32
477 478
12 9
409 493
381 217
101 446
61 476
425 452
3 412
182 76
247 428
257 301
432 433
339 236
106 349
226 104
0 297
75 368
290 407
446 413
339 316
440 304
212 375
103 66
355 32
322 436
30 243
199 23
410 327
120 94
0 368
270 149
395 41
478 494
248 435
304 386
461 145
192 335
349 446
330 367
269 366
165 124
299 115
114 445
261 352
423 304
31 184
131 19
302 8
0 264
199 234
85 117
284 175
77 243
397 390
271 199
97 377
33 100
463 351
159 451
63 155
411 144
271 79
497 238
145 165
92 295
136 121
222 310
417 65
16 424
174 374
455 111
404 382
247 157
97 235
291 426
107 8
213 43
223 25
101 235
474 42
39 313
493 41
27 468
36 23
461 282
87 473
415 452
214 365
261 260
150 410
391 329
464 29
240 269
414 74
366 176
6 70
343 495
424 89
344 479
202 4
112 89
283 410
232 460
89 478
384 460
231 86
283 214
85 248
80 67
468 127
157 5
470 468
368 409
448 241
57 83
349 171
358 443
219 290
360 123
322 54
295 441
206 497
481 111
144 150
5 282
58 348
472 135
426 364
280 163
478 195
57 41
366 420
105 309
464 409
341 258
418 189
172 121
492 359
66 250
344 492
278 164
285 231
452 322
105 135
492 283
232 56
485 482
126 352
125 485
163 287
303 45
484 192
255 387
164 106
423 283
36 447
249 73
268 361
322 450
85 436
189 176
326 22
357 159
197 365
389 409
2 363
313 154
432 457
162 22
316 381
147 166
114 297
498 214
340 233
428 76
256 467
194 248
339 33
159 88
442 321
364 257
442 75
301 323
158 489
89 25
280 123
84 337
404 207
265 25
104 239
280 290
206 481
339 303
168 226
310 67
2 455
31 162
197 38
143 279
107 81
463 328
382 83
339 32
317 220
4 391
145 141
69 446
336 152
412 20
389 429
351 221
141 28
214 284
150 122
378 56
119 389
7 236
250 494
324 485
234 142
155 116
74 63
312 209
147 251
234 157
69 458
93 476
463 35
401 252
323 157
162 46
116 473
371 260
155 216
284 64
318 388
238 198
102 234
9 182
141 172
384 100
325 485
421 418
331 162
196 182
219 68
277 425
189 214
311 494
497 324
401 185
476 386
441 110
28 145
138 282
240 279
112 370
121 384
449 204
358 404
336 232
276 36
127 99
90 496
279 329
283 324
383 468
236 213
432 462
295 139
78 353
414 334
185 73
197 104
286 356
248 40
181 298
350 133
464 98
461 444
323 478
20 166
409 466
487 211
122 22
136 189
326 198
50 301
435 411
345 96
20 89
319 413
135 497
95 487
61 266
129 292
339 460
373 115
457 243
310 397
491 317
347 443
477 418
29 288
154 198
346 63
258 156
247 387
307 238
336 174
255 325
246 443
457 244
124 40
108 209
42 378
12 328
213 209
148 10
170 2
288 211
213 3
57 201
353 438
396 400
483 410
424 27
131 376
56 17
88 236
262 282
82 199
404 184
103 298
215 43
178 150
59 341
190 419
279 196
214 51
100 52
315 174
353 197
348 118
360 488
54 337
454 154
191 54
252 281
416 154
441 22
192 487
372 271
82 56
188 12
141 413
324 257
303 427
407 79
366 466
462 207
460 194
119 287
206 52
399 477
403 300
71 155
43 118
152 298
179 235
410 230
49 53
24 123
484 122
446 283
186 278
429 240
287 126
279 222
191 48
207 498
256 19
466 271
223 224
67 354
314 318
143 477
128 209
273 244
150 323
332 383
322 2
226 124
336 326
58 396
177 320
133 440
362 135
196 432
212 136
193 458
466 349
329 204
38 498
487 425
170 283
452 51
360 472
25 495
348 67
166 374
142 290
9 196
327 59
228 444
281 96
272 113
139 39
244 404
254 259
477 98
109 109
420 450
25 37
6 95
12 413
349 169
64 382
198 17
231 442
444 288
482 72
175 239
290 235
432 367
369 146
366 274
130 100
365 110
73 80
269 129
335 161
29 141
242 315
380 157
88 70
205 241
464 465
380 432
93 256
224 38
270 311
124 271
17 417
121 437
263 325
207 348
441 457
366 189
13 20
96 391
221 105
169 317
118 278
53 33
237 194
268 43
358 80
446 222
172 481
224 83
182 489
124 293
192 306
280 450
479 151
104 378
153 95
499 118
162 181
15 396
326 441
369 295
391 27
172 139
229 372
313 4
77 168
264 225
194 172
400 319
346 409
444 494
89 149
317 434
217 89
419 471
410 319
131 327
187 327
103 215
35 368
317 103
439 5
266 497
227 194
429 25
247 462
195 299
12 14
254 384
42 322
294 47
94 451
222 196
100 184
126 357
10 415
5 263
456 124
456 200
388 356
41 322
42 379
139 10
130 378
161 49
151 133
235 263
324 161
492 314
270 127
424 223
421 33
292 228
166 204
284 161
243 418
266 440
432 218
323 101
216 78
422 55
417 205
140 41
36 11
392 353
125 14
13 73
157 82
73 209
264 412
297 14
150 276
28 435
375 149
182 392
376 230
145 186
344 116
465 32
261 286
438 170
458 97
85 432
429 449
493 129
165 122
81 17
163 291
184 33
196 357
240 415
465 48
412 142
150 316
142 307
152 14
348 114
16 212
369 418
497 219
346 88
456 14
339 43
223 465
97 480
86 464
35 224
5 474
380 205
186 196
427 192
250 449
357 184
495 266
94 170
324 183
308 239
228 401
162 474
397 147
359 361
107 483
6 12
209 477
499 286
448 230
422 220
39 158
375 35
309 241
405 45
398 155
278 172
283 340
454 482
412 117
373 296
193 220
30 388
107 189
15 267
451 321
64 193
359 194
291 106
248 384
181 112
492 359
240 189
28 463
237 223
244 485
130 417
138 37
229 403
83 270
223 490
188 88
123 216
425 98
16 404
116 211
197 398
429 66
388 67
370 228
63 333
274 182
136 353
2 346
237 206
14 140
422 339
472 268
425 289
168 326
449 86
432 117
34 22
137 407
464 105
323 64
435 403
432 292
325 472
178 214
475 373
379 52
108 440
470 269
453 499
93 360
57 2
336 74
175 108
236 441
184 106
491 335
120 57
365 483
358 113
494 248
301 154
206 60
9 499
402 493
298 286
429 491
241 420
82 147
0 366
327 399
99 375
96 202
49 298
168 56
164 173
165 161
92 431
444 99
107 362
462 471
331 401
270 417
465 341
82 454
332 338
34 488
267 395
203 441
112 487
39 336
444 491
412 25
166 225
262 194
311 161
310 291
173 279
208 358
411 103
229 346
211 315
264 378
94 23
30 234
211 95
156 286
22 94
366 340
365 133
66 70
429 474
198 307
157 471
203 70
455 130
272 102
292 215
280 27
177 7
166 431
340 274
387 78
290 211
101 189
164 189
384 35
457 486
159 437
270 444
457 265
241 270
286 175
384 372
389 105
40 462
283 97
326 111
191 33
150 458
8 475
152 38
98 78
468 371
425 476
291 473
53 15
375 23
140 88
42 309
62 35
331 370
275 60
69 421
86 200
92 352
345 426
448 308
236 292
486 373
249 3
119 52
95 413
24 464
270 257
26 495
465 26
180 420
40 102
25 494
241 202
115 162
403 152
396 124
210 116
227 126
448 246
347 90
61 151
332 347
477 267
255 163
492 462
67 264
140 191
287 74
216 455
189 158
405 408
434 487
316 441
132 455
439 205
489 242
408 408
33 132
499 310
113 149
79 454
189 96
63 361
458 178
156 23
219 1
188 310
85 305
31 172
254 46
283 181
193 160
426 214
356 458
494 231
488 412
104 310
207 38
76 420
187 45
389 459
212 483
92 60
234 135
316 185
122 443
132 392
350 495
322 14
285 450
498 21
27 446
427 382
3 355
220 109
259 142
438 74
488 419
373 496
5 497
341 470
340 357
29 330
0 212
91 147
251 56
193 254
211 123
25 23
199 402
379 211
156 410
483 483
446 61
111 469
316 245
180 351
349 274
7 325
456 234
213 20
376 96
253 253
150 147
138 263
345 312
125 423
484 89
162 157
442 343
235 257
419 177
495 463
207 215
146 68
335 95
65 282
138 136
444 418
227 219
460 399
238 65
182 484
79 350
389 111
165 197
351 351
189 32
341 21
100 353
105 108
294 415
353 294
58 123
0 394
439 497
460 149
448 42
302 472
81 174
402 118
201 30
193 189
421 187
251 381
236 493
220 387
280 357
137 256
31 89
214 18
446 319
2 492
273 21
57 322
391 48
454 50
345 371
211 469
199 404
1 294
27 13
473 222
199 42
355 344
101 48
334 378
475 298
27 287
168 36
94 105
164 80
47 218
420 7
123 319
110 361
254 188
426 401
399 386
117 339
19 486
468 11
470 409
59 295
23 267
270 410
21 393
332 307
408 363
371 18
478 217
383 100
307 309
193 70
233 444
393 139
70 397
270 57
458 173
117 478
391 66
99 483
59 369
348 232
295 31
420 498
180 415
491 266
493 407
267 278
178 236
289 282
286 182
209 253
432 461
120 83
331 126
421 79
366 144
296 126
55 208
414 269
255 459
40 204
422 181
286 296
285 272
197 4
233 466
317 336
254 39
274 439
174 186
414 469
361 356
22 389
197 223
56 39
174 313
280 418
393 313
404 260
433 204
342 378
168 146
268 453
427 230
188 200
294 279
236 88
477 491
438 26
246 380
176 365
439 294
224 28
80 63
144 291
429 281
104 475
188 395
271 300
165 202
376 214
435 268
436 62
218 350
246 320
404 449
175 211
145 256
492 487
251 394
44 212
376 42
58 429
224 291
47 144
41 420
63 251
480 116
38 444
498 428
389 334
234 251
164 146
151 465
176 187
340 330
110 429
145 69
80 268
253 458
232 413
199 133
65 437
153 15
47 330
185 239
110 192
183 291
112 227
303 366
486 281
376 265
454 128
413 464
498 138
136 463
317 124
372 189
272 417
262 152
325 40
173 405
343 399
225 275
294 331
173 49
406 222
242 356
57 303
259 375
334 11
118 185
134 29
264 195
485 119
284 326
186 431
381 417
450 212
69 73
45 369
61 23
336 215
238 11
195 446
425 224
395 137
241 52
344 455
255 103
40 34
82 330
331 70
212 477
144 184
121 133
222 66
246 120
284 148
42 247
274 273
41 27
100 116
498 92
463 72
454 60
400 201
460 392
253 165
475 209
202 472
58 358
396 236
84 490
59 330
8 23
84 200
53 142
499 121
416 284
280 439
208 130
213 436
75 76
284 403
414 42
411 59
76 95
49 149
12 486
57 306
149 237
294 89
204 207
464 497
476 443
135 492
158 98
357 229
399 472
90 339
226 353
267 29
458 77
44 444
83 224
52 12
376 251
255 180
124 419
209 476
40 312
302 282
475 376
454 121
259 290
265 41
112 277
327 115
465 162
282 249
334 48
302 324
78 275
290 299
48 282
443 470
93 5
158 319
303 82
211 493
413 360
384 305
123 213
379 323
366 298
327 192
265 124
35 352
286 183
52 220
72 435
137 297
458 88
117 321
346 40
135 148
384 264
356 258
102 206
462 332
466 430
388 348
378 104
405 7
101 184
100 418
21 294
132 35
215 437
355 470
98 444
482 465
386 341
496 301
392 314
284 192
442 412
116 266
236 333
247 397
154 387
21 134
472 494
488 230
288 42
192 77
498 71
169 259
112 132
189 96
265 210
210 272
310 457
123 335
331 186
80 3
95 67
275 5
405 398
98 197
49 494
299 391
385 472
121 42
107 427
199 148
358 197
325 433
257 487
43 445
226 219
310 60
345 381
315 39
359 489
85 198
19 297
115 415
276 358
106 120
361 309
309 386
76 240
13 58
194 43
324 479
448 351
36 136
235 433
213 269
320 387
483 373
271 476
0 19
146 7
84 389
285 25
368 340
98 367
215 189
269 104
452 471
78 305
429 280
103 93
280 5
118 285
170 240
14 341
449 336
444 59
35 475
460 1
358 262
480 169
268 471
40 205
449 311
120 242
445 383
418 479
264 385
116 23
214 13
128 100
221 1
211 401
143 440
207 398
117 287
423 29
289 48
133 446
476 424
220 402
115 497
372 74
44 186
488 460
388 43
281 15
469 440
76 80
295 157
55 424
299 152
123 69
368 46
390 240
359 172
495 385
3 138
476 216
341 34
19 320
419 32
283 351
175 210
208 273
346 395
372 197
353 208
394 298
122 250
247 234
373 366
287 359
206 289
17 73
107 199
490 90
447 213
456 144
320 474
149 160
54 262
163 186
421 287
418 143
4 58
150 455
77 372
188 205
17 336
361 330
244 438
81 36
178 113
423 332
172 179
371 468
382 322
278 198
369 48
36 470
352 111
349 219
185 360
428 494
208 75
474 122
414 29
344 50
303 419
306 282
88 195
301 353
140 275
302 484
474 5
315 169
406 229
190 205
379 342
344 82
466 439
110 108
36 177
385 227
278 433
40 231
171 285
405 27
327 194
162 251
383 290
313 202
380 131
237 167
153 366
495 38
155 278
121 73
114 143
287 412
295 440
137 83
198 486
5 347
222 229
82 392
364 81
200 372
11 220
28 300
66 318
205 399
349 40
24 400
123 192
217 20
141 182
45 438
281 199
290 204
184 334
437 429
128 289
68 192
223 13
382 293
119 300
212 280
153 126
35 4
335 292
338 148
93 40
451 232
147 310
239 101
221 462
59 341
256 74
440 327
319 160
5 365
176 222
327 188
457 427
219 280
148 78
452 480
414 203
339 468
334 59
361 139
478 232
358 204
263 435
353 463
313 100
254 64
73 207
209 119
355 204
477 157
59 399
284 128
162 474
184 44
481 15
115 30
129 354
315 317
52 439
395 20
469 496
105 420
70 374
212 348
495 220
76 350
202 400
357 265
495 383
359 132
415 471
300 193
358 372
405 74
366 133
116 88
313 285
443 455
494 68
80 11
104 418
490 455
71 364
392 262
183 27
255 390
197 264
25 208
32 287
44 354
390 53
237 66
468 2
15 141
391 217
200 99
112 468
214 380
403 106
150 89
438 37
469 13
18 418
94 190
105 250
125 209
466 73
138 54
13 53
203 364
277 190
158 349
146 257
155 170
106 131
409 169
273 111
90 173
409 421
493 384
441 328
446 273
363 341
346 91
102 338
118 116
205 418
423 346
119 12
308 440
375 491
115 24
436 1
173 215
10 329
140 376
250 298
385 346
6 223
253 35
389 456
28 262
14 416
351 370
1 60
489 292
310 21
111 252
437 327
492 123
61 119
151 179
486 494
43 61
51 66
245 396
56 495
159 499
11 188
222 430
45 341
256 258
328 19
213 225
140 150
243 303
301 90
294 254
195 431
390 439
452 106
163 430
94 382
8 297
452 70
45 373
51 436
491 461
261 94
393 407
463 289
272 253
477 26
222 279
333 340
361 222
155 212
460 471
13 1
449 261
168 482
253 243
136 95
271 406
235 1
148 113
485 465
363 240
369 295
372 292
72 108
357 468
102 392
323 443
332 101
312 358
19 345
126 472
192 28
52 10
175 178
465 447
222 194
442 99
353 210
458 308
146 187
491 466
72 79
302 292
473 281
258 455
151 413
474 286
182 59
428 119
378 474
124 349
304 62
356 330
329 276
195 105
113 0
161 367
137 272
77 198
496 160
376 98
339 477
354 56
190 101
77 304
169 454
259 486
449 341
16 343
232 340
492 336
196 373
437 170
335 424
237 266
252 131
305 124
451 475
306 445
188 344
336 201
261 387
202 328
379 188
186 353
493 282
341 227
218 338
61 460
95 89
135 477
438 116
129 319
244 278
157 201
69 445
269 240
133 64
15 251
6 412
460 483
499 423
414 191
59 355
369 167
62 398
217 124
153 379
148 113
166 225
279 361
452 193
475 311
288 331
24 171
445 54
128 194
234 456
78 141
256 108
383 59
111 431
480 354
222 485
182 116
173 497
287 275
235 370
352 62
32 85
123 496
492 499
26 324
302 411
95 27
247 380
49 108
9 376
372 58
359 186
167 362
129 372
243 375
267 328
439 432
491 24
306 128
61 81
441 427
120 80
136 53
90 341
224 353
242 60
26 170
98 76
97 172
304 362
321 119
187 6
428 132
56 338
183 420
210 489
234 255
355 178
39 78
172 115
0 13
15 427
365 405
293 168
158 485
482 79
335 99
326 420
365 132
248 287
37 65
318 213
496 260
481 39
468 379
242 305
42 53
177 488
280 93
225 131
404 320
483 455
246 7
244 312
198 191
170 349
228 319
322 69
196 149
402 133
358 308
473 365
48 307
150 217
468 61
342 72
367 14
195 112
479 230
302 422
124 196
330 211
451 117
115 313
219 429
16 330
363 247
232 50
441 441
22 423
474 348
429 40
407 288
53 183
479 19
90 305
248 6
327 172
493 278
399 237
184 227
188 119
358 384
123 486
262 220
413 478
320 389
37 383
274 416
103 15
110 492
149 250
238 154
146 358
459 225
347 360
433 275
371 338
214 424
25 327
182 440
47 11
261 246
328 465
47 0
24 258
233 197
6 39
97 319
89 321
345 46
152 184
474 31
267 155
182 83
67 182
318 477
161 308
407 326
92 159
61 118
326 103
171 308
39 440
294 147
165 336
403 485
189 107
449 257
241 448
334 303
209 126
199 174
492 1
140 279
436 265
56 47
285 304
460 423
134 76
322 76
162 432
149 325
284 10
382 289
234 72
291 315
61 269
69 159
40 458
313 111
203 226
28 54
478 371
0 195
268 91
309 230
269 214
57 442
64 332
64 453
254 121
402 332
346 40
253 391
463 436
368 344
249 220
110 149
20 303
405 34
489 263
497 194
45 109
23 11
218 80
170 260
193 319
321 476
140 95
42 88
117 26
61 270
488 244
268 92
111 483
367 24
29 380
89 456
317 60
83 129
484 195
175 486
28 228
130 73
485 221
45 152
77 122
309 224
168 249
147 40
251 323
104 396
113 448
156 281
277 322
172 96
180 267
414 70
165 479
127 380
390 450
100 315
247 98
380 249
413 105
205 457
154 449
234 52
158 345
258 488
347 186
191 369
347 419
210 437
157 159
164 152
229 79
115 456
178 275
374 441
388 194
247 445
290 354
467 180
123 439
139 33
42 353
317 384
9 341
490 140
327 42
142 499
122 410
227 68
28 308
377 455
236 150
154 165
271 60
92 238
352 345
476 105
261 73
17 115
67 359
168 117
488 278
85 343
10 439
478 229
50 36
260 125
467 301
396 139
36 389
441 290
156 244
451 392
424 411
280 352
426 53
248 256
499 413
226 147
430 278
247 44
97 149
157 92
395 439
333 79
59 318
257 104
209 229
122 254
185 476
218 283
360 118
84 167
344 161
91 294
357 200
186 472
249 206
427 260
159 407
291 248
149 48
146 370
124 169
412 139
274 479
37 152
345 96
129 468
480 32
371 442
357 458
23 361
117 450
428 172
453 293
0 176
257 281
4 289
151 480
122 494
389 378
18 96
90 71
94 38
481 455
425 395
367 125
223 485
99 465
345 81
6 396
29 174
33 492
348 147
496 476
297 249
382 495
103 311
410 61
242 106
386 116
181 81
223 473
83 399
139 264
381 130
317 306
80 34
250 376
143 211
22 424
444 282
393 41
106 395
181 209
277 127
279 269
201 317
330 381
360 400
444 287
162 252
129 29
115 176
410 244
205 4
476 17
183 191
9 7
196 354
448 227
143 124
105 374
412 270
490 257
93 315
374 337
139 14
416 237
486 222
485 491
143 342
92 491
149 202
103 438
456 207
276 432
2 21
191 263
259 147
9 72
374 62
141 154
354 81
300 498
7 460
0 363
159 205
442 354
443 313
143 395
45 484
270 49
169 395
366 313
113 163
316 444
282 440
291 272
100 205
120 171
249 489
14 102
117 248
27 105
161 270
83 209
453 405
169 4
99 443
46 243
312 329
116 360
273 443
337 332
75 295
108 360
289 303
379 245
18 278
106 358
69 12
404 59
26 327
361 497
221 271
78 477
287 146
495 146
421 95
458 196
474 28
416 237
284 20
338 45
144 74
154 456
255 368
18 224
299 0
331 64
357 377
344 231
246 272
52 274
376 481
471 136
439 368
383 482
349 453
66 257
452 453
209 228
132 240
324 135
259 121
493 299
420 340
336 219
152 300
126 362
482 481
363 320
261 322
75 430
240 444
416 230
82 430
151 228
98 333
186 14
145 412
352 296
337 138
91 241
334 10
23 330
103 455
142 494
266 70
32 482
491 195
462 268
378 327
321 203
392 329
384 379
138 180
440 270
209 483
351 416
202 207
114 377
426 133
201 269
207 19
444 60
227 89
490 280
134 316
408 286
141 400
481 257
209 140
406 396
189 349
260 468
434 352
113 122
206 41
127 493
327 285
130 495
473 454
326 35
164 377
413 316
163 206
435 348
172 67
353 262
164 305
37 79
417 134
17 63
427 417
172 166
267 28
7 387
320 243
285 115
415 44
176 493
389 90
242 110
146 235
276 325
203 302
278 33
172 437
156 222
489 370
3 46
231 259
402 333
57 256
136 383
429 325
4 77
369 153
384 364
197 174
358 355
170 254
424 179
310 120
195 378
315 28
42 57
321 323
329 346
184 232
233 79
173 400
9 54
94 117
371 56
395 3
110 216
407 390
267 391
140 306
162 159
141 312
497 156
107 1
66 97
204 266
291 253
145 44
426 108
154 99
90 450
347 477
105 389
340 446
27 54
201 260
479 324
125 438
157 241
330 249
271 23
476 121
230 209
295 127
242 491
154 454
476 162
357 483
358 213
18 284
34 241
267 152
51 481
483 229
290 214
97 331
464 368
104 299
364 110
205 358
457 397
1 334
413 497
374 186
402 45
370 344
59 248
156 470
127 291
149 106
344 178
376 69
417 361
387 82
11 228
352 37
57 421
252 105
353 161
1 372
191 76
202 417
287 265
498 41
246 18
88 294
321 434
304 105
80 145
89 11
192 336
387 195
485 33
41 40
319 335
290 125
473 481
410 59
238 138
412 332
368 126
172 158
423 341
78 163
166 361
218 392
258 99
387 14
248 290
81 313
257 126
203 107
471 34
81 129
46 5
160 156
110 175
41 457
212 183
181 15
380 94
209 200
451 313
101 420
78 74
356 287
119 419
484 302
376 14
293 102
111 458
360 183
443 35
410 281
140 412
470 15
53 344
205 11
175 141
394 422
482 443
339 314
433 492
319 483
143 95
369 295
155 487
16 83
66 329
234 444
32 59
410 280
414 341
208 263
247 80
225 463
195 197
252 384
461 53
499 185
65 364
32 468
80 294
27 66
306 237
411 251
319 298
119 227
95 473
454 45
449 238
309 369
11 197
36 245
376 98
208 338
359 22
420 435
367 229
272 173
422 429
47 179
176 309
62 149
118 283
302 239
280 457
25 208
276 275
327 368
404 102
20 184
133 8
366 71
209 142
287 424
301 94
276 165
187 106
338 435
30 460
44 141
217 13
154 317
301 293
299 460
7 18
211 143
107 14
467 488
3 425
9 237
162 0
399 1
140 84
190 106
51 5
443 205
120 118
175 270
231 161
473 98
289 473
317 403
219 105
31 262
147 299
331 470
384 277
178 187
24 145
367 495
73 247
340 76
4 123
97 375
35 93
498 13
298 55
457 354
349 488
118 36
430 71
405 203
333 137
12 295
420 242
90 325
141 28
461 455
418 147
310 124
448 258
2 111
228 41
138 434
83 186
172 365
2 380
144 134
12 387
430 225
11 152
82 405
108 332
192 354
247 128
36 319
319 284
159 8
200 398
50 45
498 251
106 217
68 233
23 342
7 278
279 200
231 81
280 274
164 70
233 153
334 265
144 81
270 108
428 10
16 3
78 15
338 293
182 115
288 193
27 427
105 432
399 287
35 406
15 285
467 123
294 17
355 269
34 438
263 198
256 78
129 167
328 315
488 435
281 460
16 477
2 133
145 318
53 361
450 9
184 117
253 470
240 254
19 412
180 292
463 267
331 489
22 81
4 75
213 165
4 67
75 441
187 448
214 47
172 379
316 175
454 424
227 134
141 301
126 355
228 286
256 98
258 39
86 166
40 356
233 272
409 399
328 190
318 377
208 33
165 153
133 27
2 16
499 112
432 298
315 61
63 39
142 138
239 83
292 99
237 396
396 461
178 279
0 46
107 52
189 327
110 380
399 380
412 490
140 101
144 31
275 337
279 311
42 483
106 14
232 44
133 218
232 227
461 18
203 327
249 412
246 196
108 287
369 435
227 186
275 115
230 24
439 47
260 474
413 406
2 169
198 304
279 305
333 452
142 161
364 400
228 7
127 236
211 203
221 26
215 295
160 269
159 369
36 374
97 223
366 387
210 201
133 391
310 38
188 435
436 110
28 247
465 218
34 252
327 155
29 284
352 376
295 297
69 87
9 92
283 433
209 132
79 342
397 22
10 219
322 164
144 240
483 120
474 301
284 310
443 441
168 416
257 23
308 6
121 81
494 301
353 90
34 47
25 362
316 365
275 356
188 211
93 472
377 121
50 301
322 15
328 395
225 22
445 260
129 386
88 276
254 80
91 72
257 309
183 402
389 155
279 349
420 459
498 72
403 254
9 69
288 269
108 384
189 55
204 240
349 367
69 197
66 207
204 427
380 288
311 373
467 52
141 64
344 316
440 177
312 350
92 274
266 60
392 70
488 364
346 457
405 436
215 255
60 210
100 487
268 174
16 24
185 415
276 210
43 482
284 407
225 86
382 138
75 282
292 158
49 250
212 429
333 19
328 408
311 357
435 223
209 163
212 333
214 426
328 277
287 90
299 9
217 473
365 149
90 141
472 219
17 326
455 374
8 202
0 386
33 161
156 316
423 131
397 187
433 131
354 257
179 214
305 230
428 366
105 126
16 160
169 111
186 130
186 400
122 355
271 52
68 51
240 171
472 125
188 248
383 314
112 348
18 427
116 428
488 8
497 414
118 126
421 328
162 483
447 348
106 286
138 222
57 330
394 101
476 407
198 472
41 394
355 372
155 34
269 90
306 319
390 309
312 454
326 169
67 208
494 402
224 71
332 25
431 49
27 385
492 207
49 410
318 178
213 61
211 139
154 97
27 429
205 352
169 4
183 307
197 201
107 358
131 201
348 10
89 343
380 225
247 236
124 157
129 212
260 367
362 467
399 171
353 153
67 368
224 438
176 434
427 286
316 17
187 325
120 42
305 74
247 315
159 156
364 257
389 416
91 18
23 325
486 71
450 494
156 53
188 347
175 436
45 0
482 376
177 465
355 406
291 167
292 57
210 87
410 139
113 83
307 375
159 9
216 16
170 470
475 141
190 366
89 426
417 50
450 32
178 13
306 356
292 39
93 464
462 63
301 60
198 64
221 96
244 219
499 421
213 292
249 281
319 5
309 290
114 175
105 430
385 254
278 360
456 200
82 209
476 152
188 215
166 329
375 195
198 207
433 453
184 436
305 158
441 306
469 252
472 262
298 390
252 320
478 408
371 330
51 45
253 239
427 313
239 268
12 481
328 227
287 238
466 197
93 62
428 52
217 203
153 92
178 429
61 236
271 109
284 353
68 336
405 409
418 53
319 400
438 245
85 121
320 124
289 271
346 78
484 313
186 127
156 400
439 357
275 335
358 474
66 68
111 217
176 485
38 358
191 309
106 381
425 71
263 376
153 239
370 486
362 289
428 15
468 81
296 481
303 319
346 213
98 407
338 429
496 179
450 215
379 68
202 21
193 485
272 20
87 173
362 350
336 460
255 353
335 422
225 442
426 159
329 410
139 422
471 307
303 463
168 431
228 431
45 112
372 189
86 381
326 105
323 182
402 256
388 172
427 466
453 410
457 243
324 164
350 230
96 106
92 323
163 304
458 435
8 435
116 470
45 169
11 354
378 345
222 128
172 77
241 287
296 73
221 200
131 395
77 70
459 357
423 393
408 51
497 38
33 3
119 106
66 79
341 410
304 457
428 65
157 452
328 382
38 23
303 260
346 496
425 10
34 26
30 230
209 4
253 300
71 129
190 174
223 371
308 346
130 314
315 235
222 166
333 30
170 210
203 437
434 487
110 49
56 468
262 387
91 286
289 31
132 58
389 125
5 273
77 400
453 218
61 359
123 27
375 164
430 233
73 341
80 426
341 375
170 419
369 59
146 140
103 494
368 149
496 191
488 353
187 30
117 266
184 405
301 355
156 353
459 62
228 10
437 441
65 101
400 41
298 464
444 476
7 395
263 194
121 55
373 330
277 238
85 278
246 313
478 49
295 101
97 261
55 207
44 6
380 279
117 302
157 494
256 391
142 256
282 480
446 7
233 235
135 404
129 143
496 81
235 356
124 296
351 116
121 489
31 81
448 417
149 214
345 469
294 470
41 223
293 6
173 115
420 380
49 72
325 374
377 318
90 14
384 26
483 122
332 374
10 169
146 205
15 353
325 463
64 150
26 78
141 458
216 279
299 129
377 485
243 72
141 333
30 95
93 111
97 78
313 431
469 347
333 293
88 276
214 392
150 217
405 187
415 436
448 49
349 177
422 103
472 281
157 61
351 16
17 230
41 459
301 451
309 77
15 184
264 264
3 44
113 443
214 7
361 469
162 26
19 195
486 368
496 52
360 317
357 52
108 330
4 492
242 158
463 214
320 58
264 341
135 383
396 8
346 163
34 285
242 49
446 58
198 434
491 95
55 334
228 137
384 88
301 139
470 405
347 151
447 296
127 442
398 425
153 478
453 470
312 395
39 391
223 215
176 167
442 315
78 332
223 322
321 86
420 388
425 120
129 311
80 103
183 329
166 288
343 326
220 456
119 359
426 50
150 460
427 89
406 285
418 73
496 98
203 347
26 145
36 499
336 274
19 476
348 87
324 265
158 382
197 103
76 261
362 321
418 5
390 459
18 466
245 453
26 41
323 307
278 236
491 152
358 187
124 56
67 219
33 484
127 451
337 89
279 82
415 11
174 77
442 412
257 484
293 6
402 357
278 288
19 111
84 156
205 176
160 50
424 150
166 133
62 187
455 26
373 13
384 275
151 393
190 364
50 186
323 260
362 54
49 300
247 83
373 145
206 261
248 224
327 35
136 153
373 494
224 346
15 317
3 114
496 25
438 129
495 7
231 119
465 369
154 76
439 378
141 30
141 352
345 120
385 245
365 296
22 433
389 130
398 173
107 235
100 94
430 16
137 493
393 358
223 105
443 3
98 284
233 409
416 222
33 167
36 430
260 217
380 256
38 425
98 313
287 253
390 386
342 252
60 415
114 368
475 394
496 449
375 358
492 106
143 294
268 170
451 415
255 230
289 373
65 270
381 467
484 170
313 456
113 53
185 453
314 322
457 440
325 305
115 242
368 351
48 457
380 325
82 129
34 127
236 410
12 129
256 381
372 459
335 278
279 94
346 50
308 362
128 140
148 123
148 444
461 36
399 170
291 238
416 127
489 161
447 277
112 150
254 149
457 1
448 490
213 190
288 73
377 25
121 218
240 138
494 264
493 336
142 440
262 18
247 212
497 196
73 353
102 181
129 353
366 391
470 299
103 176
416 58
357 203
419 302
493 408
82 135
6 420
434 50
319 194
69 361
466 84
312 461
309 219
363 173
323 112
446 379
159 481
280 384
111 139
14 62
345 344
47 320
29 193
131 162
269 479
91 266
24 26
99 269
229 487
227 85
29 314
48 468
0 41
39 80
299 88
69 377
387 438
452 74
116 215
22 452
78 276
463 121
286 281
332 309
354 454
180 111
190 144
378 398
260 425
320 493
496 221
66 87
115 332
233 160
360 218
151 153
284 142
433 342
4 347
13 280
230 162
364 98
104 89
296 214
418 385
100 194
465 332
374 21
362 400
454 49
481 268
440 183
222 337
426 32
297 35
334 136
442 154
69 201
364 77
491 110
360 319
227 212
493 471
69 263
321 230
332 150
54 374
79 194
235 179
248 394
343 418
142 228
349 76
396 127
350 373
252 349
120 349
32 393
406 330
344 414
170 445
422 421
355 410
174 114
23 279
202 425
248 271
14 497
291 102
89 358
292 379
205 1
441 431
420 431
119 311
34 39
130 207
468 439
488 13
438 450
421 270
242 472
246 491
220 362
411 282
399 92
124 332
79 423
272 323
161 179
373 396
322 355
164 366
272 414
161 210
69 447
358 437
154 14
460 56
430 336
25 369
365 244
324 449
371 479
364 200
197 336
18 383
267 166
219 472
40 298
296 131
224 151
8 463
129 309
174 317
187 36
175 130
295 388
310 499
435 348
470 76
408 309
354 410
120 87
75 375
108 419
428 392
449 118
49 97
182 149
356 470
92 280
290 207
116 295
299 455
151 78
193 101
91 395
105 108
123 323
104 9
148 361
192 203
390 347
219 353
422 39
39 8
71 471
350 484
79 323
88 207
431 378
459 90
318 476
327 368
61 421
304 52
380 383
66 489
115 320
380 216
155 16
495 349
267 489
97 329
76 482
206 16
89 131
252 152
221 376
232 321
4 36
55 184
415 133
298 317
265 223
299 169
294 387
408 76
71 434
143 302
6 400
440 69
366 129
118 49
491 245
15 473
92 80
319 43
499 448
415 3
168 398
339 134
105 436
70 377
491 34
183 81
196 23
342 472
14 52
380 327
40 170
93 154
440 487
345 469
224 22
315 428
388 147
261 86
247 297
336 231
375 194
212 227
109 39
146 90
393 391
89 56
115 264
146 386
385 166
11 204
155 335
135 82
216 451
262 303
333 494
175 190
266 226
475 308
353 54
489 56
341 113
2 391
48 370
49 140
212 72
259 8
103 27
33 67
390 282
455 83
240 447
352 224
221 19
201 143
168 314
300 304
176 409
118 231
364 279
68 327
415 273
262 485
322 261
73 423
68 382
188 349
145 118
438 88
267 398
199 383
349 90
377 42
104 2
148 417
264 434
328 325
103 323
37 431
491 23
382 458
232 172
99 241
278 491
283 211
231 164
81 14
266 293
482 426
90 180
193 479
68 71
412 499
208 65
287 430
173 429
239 323
321 269
237 225
23 316
403 494
245 476
478 285
263 150
384 48
215 386
249 57
152 436
333 490
445 264
340 277
99 204
376 222
49 33
387 45
77 338
152 314
482 2
206 76
73 15
446 188
445 431
370 34
338 263
153 34
44 386
168 233
375 118
385 87
201 165
339 28
361 30
374 111
303 1
317 187
262 245
74 269
498 79
290 46
42 267
399 353
298 42
14 231
321 175
306 494
127 496
381 15
153 429
448 332
190 38
20 146
139 335
319 11
83 325
84 236
309 294
102 76
95 339
331 493
239 149
149 259
242 83
298 264
424 406
39 150
393 491
371 166
20 135
46 56
22 329
485 269
356 331
451 200
105 42
450 300
269 38
205 60
322 264
151 31
101 247
39 414
54 169
206 288
420 308
279 246
114 380
472 485
372 448
204 331
135 62
177 105
36 104
46 31
313 175
154 142
414 385
232 47
202 383
476 393
168 122
266 420
304 141
6 181
396 235
368 121
386 248
359 374
329 397
111 83
349 355
459 107
2 463
331 292
125 133
106 120
211 16
98 443
238 362
268 0
125 296
91 134
100 305
492 256
189 465
263 138
493 370
131 88
343 223
315 293
235 191
380 420
397 317
441 297
127 363
266 289
445 133
146 334
144 206
127 461
428 257
394 338
104 153
441 322
238 204
136 75
438 188
187 422
261 147
104 299
178 296
26 375
2 112
429 122
404 495
435 317
129 456
260 29
350 37
467 145
471 44
99 209
427 427
95 326
57 397
352 18
331 206
117 22
320 146
74 280
494 486
198 412
301 397
264 179
165 129
399 167
159 269
367 24
182 110
6 49
5 439
252 89
187 205
451 334
86 74
184 481
348 151
422 339
277 14
203 274
220 26
339 472
286 223
80 46
339 381
263 4
341 235
186 183
221 224
279 190
354 330
386 189
9 263
92 118
87 201
25 217
31 237
458 151
359 462
127 158
453 330
159 173
219 118
84 263
58 158
81 292
33 477
191 51
206 460
23 239
206 137
13 136
496 123
38 375
474 54
229 58
135 351
415 120
146 388
211 98
326 338
162 40
176 371
405 80
415 0
142 209
159 353
192 141
130 420
423 123
347 388
196 111
37 235
348 0
59 292
64 403
429 241
328 10
131 323
416 442
67 102
56 73
156 424
2 132
98 93
156 104
114 376
350 61
338 426
174 35
222 183
437 349
330 119
321 438
451 311
292 159
421 178
158 191
311 282
469 259
294 461
431 239
281 255
179 171
456 374
456 460
211 131
356 272
109 10
468 488
306 479
6 495
9 11
104 380
391 333
365 459
191 141
444 333
172 203
208 245
197 257
319 256
160 314
424 426
122 81
268 82
383 45
257 401
132 286
146 239
488 24
87 282
251 238
461 292
162 487
347 21
25 358
288 374
81 388
138 447
158 380
57 446
318 99
484 97
103 436
100 89
499 415
182 197
337 42
482 177
474 35
225 104
440 484
431 241
450 69
441 473
208 289
374 463
208 86
224 59
35 297
209 333
385 287
403 433
31 322
183 401
340 323
141 126
314 378
194 347
47 297
356 320
140 190
410 231
253 117
102 19
61 43
242 57
138 499
458 353
265 32
130 396
426 9
445 320
10 468
311 346
376 249
394 485
147 74
103 105
95 217
467 286
430 313
47 162
103 476
202 95
132 17
276 314
400 490
200 488
103 495
389 311
52 272
135 80
99 493
10 495
36 378
344 54
306 116
395 337
446 203
76 41
445 164
431 188
232 281
341 47
56 117
435 361
88 8
33 6
461 38
468 316
419 257
78 320
490 464
152 32
104 131
464 116
17 409
274 352
68 134
131 317
403 251
117 393
205 453
161 279
184 429
244 388
469 213
374 110
310 428
497 338
442 167
392 63
30 106
164 72
180 123
96 496
463 345
120 35
325 142
257 302
130 274
457 384
75 492
23 283
354 495
439 105
372 340
51 28
332 57
447 415
65 334
287 150
308 445
467 71
487 8
163 354
400 484
26 395
107 180
405 186
278 326
428 337
172 115
206 304
30 147
305 160
105 42
238 164
276 10
53 221
244 148
275 228
130 262
226 228
335 224
278 255
77 435
489 317
196 167
384 493
223 254
206 484
4 415
8 233
59 234
279 373
382 93
61 325
457 85
307 449
367 251
70 42
457 401
92 336
162 151
479 387
255 84
365 319
275 55
207 109
478 265
398 415
288 282
412 448
97 278
58 39
53 268
97 469
456 455
269 153
424 63
223 190
385 462
251 208
19 15
200 237
410 16
20 466
88 445
345 362
291 299
393 124
318 329
16 123
359 251
491 264
372 127
127 478
188 39
123 458
197 481
391 478
151 114
16 373
423 17
487 83
311 487
290 44
339 22
131 345
349 99
208 406
302 469
7 198
281 128
14 299
182 364
432 487
332 313
464 29
134 229
162 281
225 167
190 50
349 164
207 414
408 9
299 63
443 24
95 427
192 366
391 236
373 91
92 287
375 75
325 11
58 322
492 405
443 104
491 42
426 83
48 330
239 225
176 178
60 135
117 156
177 120
65 334
319 446
188 228
265 196
464 284
349 61
145 359
281 191
151 323
256 125
337 140
279 402
159 250
214 258
199 465
303 283
51 302
341 340
256 215
130 417
127 225
81 341
49 87
360 431
133 385
370 334
301 68
102 389
264 412
149 292
86 14
10 326
244 281
60 313
358 428
180 265
177 155
326 125
438 89
198 349
491 190
308 190
290 416
43 379
267 298
147 331
367 483
463 497
323 401
49 297
379 465
343 296
481 484
143 368
487 362
267 136
344 447
378 331
225 194
331 218
110 392
206 447
366 409
450 373
70 365
316 121
312 162
131 344
436 377
399 103
43 480
14 75
21 181
422 35
198 446
277 271
53 55
312 90
22 169
125 489
196 403
258 86
26 162
488 54
2 476
11 304
166 377
211 190
28 118
335 372
383 256
396 462
168 487
403 198
83 467
260 85
405 110
404 487
89 370
170 366
321 63
253 127
58 419
136 151
164 158
259 217
33 466
452 143
488 133
77 405
454 464
244 154
474 187
167 336
363 110
290 100
317 102
114 281
314 293
33 111
92 102
223 10
132 183
39 38
41 176
13 84
114 385
166 97
484 411
400 354
239 141
344 388
390 246
113 448
364 455
481 78
379 244
279 347
328 86
472 267
365 114
254 435
465 457
141 406
88 192
291 320
412 83
141 497
96 494
297 367
262 270
159 366
87 140
443 204
298 51
304 288
435 250
438 406
169 383
408 352
295 448
411 341
438 111
499 225
420 153
198 5
60 343
67 157
104 76
241 218
358 145
196 172
226 376
330 5
6 35
427 469
489 227
49 406
172 470
236 28
73 345
134 250
172 24
290 91
287 437
389 359
192 465
37 215
228 166
486 287
276 484
392 189
204 430
308 299
468 409
462 397
84 186
256 52
21 182
356 93
332 489
490 352
472 148
283 365
212 84
149 283
251 136
23 151
485 272
302 219
80 221
20 59
104 266
135 226
153 282
81 323
492 137
444 375
414 205
294 150
371 302
5 173
42 452
44 495
399 287
496 30
358 308
104 420
465 410
191 268
256 184
166 444
18 224
346 206
366 139
304 300
52 228
418 196
322 368
366 345
264 257
411 156
174 10
210 139
66 111
229 367
491 455
376 169
446 89
306 208
135 337
165 461
241 401
441 54
471 258
77 9
476 460
248 395
325 436
382 131
9 40
199 250
356 271
93 184
364 412
131 455
252 470
225 268
82 376
182 107
351 136
172 226
23 4
360 44
140 366
86 269
200 26
402 141
459 388
27 364
60 458
274 275
301 35
292 140
388 444
95 445
295 62
34 196
228 49
402 473
162 318
484 12
62 27
360 368
323 281
421 400
8 456
146 239
467 167
410 77
12 184
72 258
80 337
112 23
44 160
475 473
334 355
220 218
34 366
340 187
4 363
351 131
151 92
393 192
156 140
478 254
7 338
128 333
380 383
8 372
395 458
487 458
191 332
170 272
2 375
286 34
241 139
414 144
205 132
495 40
284 6
29 456
474 112
257 180
234 304
71 361
463 291
9 296
322 405
53 42
299 357
452 488
136 466
166 73
473 2
140 201
248 409
141 212
66 95
479 106
162 205
34 211
315 360
52 407
32 163
35 57
132 305
241 455
346 261
291 259
269 15
37 288
80 354
49 135
34 131
377 417
276 246
354 288
79 412
311 70
233 389
458 314
57 30
402 202
313 317
247 337
241 353
205 163
170 53
261 117
189 390
296 346
253 113
34 370
390 2
391 260
274 212
371 255
337 231
172 374
301 370
215 446
97 43
466 307
287 229
345 256
120 225
315 194
233 203
155 213
408 130
345 282
3 216
57 153
146 377
82 379
76 50
316 43
229 346
487 181
90 181
387 123
87 15
343 205
10 386
203 480
164 60
423 143
274 204
195 235
188 114
370 164
337 217
155 138
117 210
154 468
288 485
146 72
103 249
84 80
240 195
194 359
274 9
420 112
23 380
281 424
386 182
467 223
152 296
455 433
277 317
32 24
35 116
287 83
370 139
491 42
342 449
83 360
192 299
492 473
422 458
31 368
475 366
342 467
265 6
23 137
400 85
425 101
282 177
252 387
8 419
247 149
260 125
369 456
313 487
335 443
295 47
305 146
490 227
355 186
127 301
166 166
173 30
15 10
371 396
420 256
26 134
314 74
175 252
0 63
428 445
46 251
119 291
165 431
152 468
258 211
94 223
147 267
366 269
348 428
489 487
326 77
167 318
428 156
322 190
59 178
123 411
450 440
102 20
130 156
160 250
236 499
478 143
294 61
354 330
141 284
131 308
9 310
87 476
199 195
220 420
170 481
268 356
196 33
12 322
117 495
319 56
430 27
236 464
414 474
408 32
52 456
97 274
305 119
183 11
201 402
189 196
370 190
130 300
288 481
253 196
223 103
469 273
294 341
455 130
415 314
496 165
94 40
181 68
14 239
462 379
496 159
230 53
439 116
348 277
33 155
257 61
209 494
374 375
95 375
4 396
4 295
24 376
449 416
218 210
56 295
19 350
134 22
303 50
127 332
368 367
225 192
416 41
145 97
184 279
233 76
488 281
116 323
92 276
233 234
250 307
134 54
125 145
6 299
72 401
112 450
235 111
36 468
68 320
289 413
114 184
321 470
407 499
165 379
21 176
157 116
367 147
421 350
7 179
367 240
345 351
322 240
30 125
229 99
106 261
302 78
275 329
133 34
88 303
373 445
20 139
425 86
172 47
153 118
213 58
66 360
78 374
64 419
246 139
152 270
470 280
40 168
61 5
98 148
170 340
137 387
210 458
27 238
355 165
420 224
269 379
332 268
114 276
400 211
297 11
461 277
64 8
430 382
213 255
372 411
476 77
403 222
46 188
138 204
249 210
51 260
156 94
140 75
162 354
320 209
251 64
242 436
305 364
50 203
210 170
15 95
481 468
321 360
197 315
268 8
369 130
264 413
183 261
238 480
43 299
465 46
491 98
239 469
326 450
22 368
134 270
276 71
437 223
138 392
462 272
207 349
60 53
499 307
281 7
196 187
356 489
135 387
306 453
272 255
211 359
238 127
304 292
204 334
37 374
487 443
345 151
255 418
16 345
497 395
294 451
488 454
432 71
67 229
409 452
38 138
169 399
306 362
344 166
286 421
117 200
95 179
4 494
27 128
445 409
478 190
172 145
248 40
480 403
271 466
195 281
168 187
448 126
178 284
456 405
264 31
153 292
231 60
279 23
106 41
332 57
169 310
383 302
165 337
212 229
220 498
167 21
400 359
291 179
334 26
246 96
130 90
183 130
491 65
50 83
490 68
342 473
159 207
140 208
49 315
272 186
315 165
270 244
199 412
363 91
231 173
339 459
340 187
403 488
441 499
20 28
229 197
382 101
377 0
286 48
269 354
447 357
52 489
103 14
456 327
235 121
47 420
86 381
135 202
223 346
49 43
432 472
114 459
242 345
279 202
115 244
47 424
357 307
427 245
213 197
397 50
492 300
247 353
258 318
223 62
95 456
6 219
496 484
114 444
95 178
428 344
402 405
66 90
475 13
391 280
378 396
439 282
484 96
420 23
171 491
59 267
396 418
172 332
372 127
348 427
349 168
117 129
462 258
211 183
454 255
174 450
440 274
462 282
498 194
118 405
486 123
299 8
101 363
314 80
300 473
321 456
312 408
257 19
348 486
353 167
297 294
471 133
208 493
235 81
301 227
458 251
446 178
409 214
303 5
453 180
463 497
358 230
366 313
420 61
233 383
261 373
366 161
405 183
216 237
327 457
442 299
113 141
392 479
300 257
113 237
171 119
458 432
418 287
479 226
207 108
471 149
207 119
473 269
210 191
101 42
45 371
156 172
350 446
233 348
228 194
84 64
185 410
90 252
346 394
360 354
276 497
163 351
45 291
215 194
228 233
53 451
175 33
390 409
477 400
394 345
497 387
144 196
179 113
230 477
255 426
297 120
1 92
263 421
326 100
309 377
118 96
60 73
28 224
489 450
325 18
185 102
418 373
185 93
129 408
271 438
282 14
33 174
428 440
129 167
31 267
164 220
391 326
82 446
345 162
55 399
431 114
409 350
398 492
380 42
326 236
479 382
53 334
297 288
91 266
156 198
277 399
418 348
267 134
244 81
214 273
193 78
320 47
444 393
387 401
488 76
195 23
377 370
173 129
194 160
77 407
181 300
172 446
25 66
425 156
21 287
452 411
419 401
297 399
461 218
156 244
207 247
400 214
222 140
445 92
103 84
469 203
284 233
154 188
193 39
369 107
55 232
434 233
143 258
292 218
248 354
65 114
46 31
102 405
443 5
498 356
353 455
58 147
396 339
61 120
203 103
280 43
49 77
287 462
242 308
313 150
345 25
43 147
289 146
372 290
121 114
194 71
368 444
105 442
288 306
410 221
328 358
36 239
57 126
204 473
174 251
417 192
315 69
100 43
476 394
453 39
256 54
162 180
496 285
101 52
367 117
189 19
208 403
113 4
130 268
200 107
432 94
172 4
422 302
206 420
163 275
281 142
106 389
1 210
54 461
342 235
338 122
45 370
291 152
476 126
153 191
468 256
471 195
218 183
94 468
433 17
294 54
137 128
345 166
255 363
268 137
405 467
423 209
246 61
437 131
41 484
461 360
375 482
376 470
478 499
242 151
180 38
105 194
197 264
44 252
115 475
51 161
239 495
331 442
359 71
19 245
296 310
76 220
287 89
194 178
174 421
448 266
234 197
48 463
238 361
493 70
130 115
493 292
384 122
361 98
216 72
294 192
83 419
103 410
245 414
334 330
390 44
319 363
137 190
48 292
8 107
366 189
174 91
28 463
58 19
223 27
371 466
190 98
66 18
97 441
483 357
423 74
126 59
167 114
309 393
322 143
358 279
307 253
389 343
208 180
269 78
203 432
375 24
133 93
165 90
372 286
431 69
376 79
291 69
452 234
170 397
76 412
58 104
365 486
298 386
135 374
347 365
456 101
408 417
499 343
463 181
149 446
474 363
94 14
487 49
347 426
267 76
435 27
498 489
346 348
434 164
324 137
165 299
250 252
373 63
369 218
107 366
413 486
225 84
186 142
223 190
236 137
482 361
33 257
67 73
421 457
448 241
155 397
207 105
252 360
410 153
251 398
309 473
177 225
34 313
268 257
282 46
188 129
341 470
90 130
203 195
331 31
431 34
37 346
440 320
448 189
433 49
425 156
165 80
439 2
304 38
275 334
329 443
170 186
243 245
255 340
142 484
413 366
400 176
198 24
349 142
45 463
167 223
399 347
369 194
85 162
356 89
31 395
9 396
34 146
68 113
278 421
358 254
173 256
267 195
195 77
172 388
438 106
130 434
20 208
84 120
381 48
398 104
111 431
474 365
110 160
465 171
39 63
4 264
37 328
105 475
127 65
116 109
396 332
265 121
37 453
485 189
5 17
37 250
0 255
290 261
453 139
189 464
130 473
435 321
79 122
413 302
399 92
88 378
455 147
308 399
473 216
408 284
378 249
331 434
78 49
7 104
268 69
84 281
472 143
57 497
72 187
284 383
187 126
242 430
456 190
94 258
122 328
465 143
203 440
47 130
462 415
116 232
343 64
363 191
258 433
208 70
211 356
188 305
399 235
482 25
108 8
428 440
499 222
295 327
9 493
467 463
103 473
480 388
443 392
204 224
281 277
33 291
277 251
237 295
39 47
260 248
230 168
71 115
273 253
380 45
237 237
455 347
59 304
132 140
168 354
207 153
282 158
454 152
381 389
410 17
415 238
198 309
436 64
457 395
271 361
103 347
428 367
286 105
229 173
280 121
13 145
87 115
230 27
340 130
224 175
465 95
324 295
175 458
94 163
29 20
374 389
398 24
220 280
170 328
29 315
108 376
71 63
23 308
143 85
401 289
37 402
497 441
175 295
87 127
103 125
7 135
274 252
409 106
155 141
137 367
145 202
13 215
348 236
233 449
307 468
238 421
368 441
458 42
456 456
217 244
494 69
185 58
204 468
394 355
350 390
155 291
177 44
215 237
377 228
438 219
109 121
346 321
121 203
457 335
1 243
26 364
450 9
36 307
67 243
187 447
265 102
396 375
418 217
73 254
482 71
252 390
382 83
232 384
209 300
125 259
350 256
248 366
387 251
110 339
391 105
314 340
449 29
405 387
118 316
108 375
214 9
456 0
233 30
293 404
349 63
50 17
483 66
454 224
269 393
92 388
150 0
480 77
451 459
77 288
83 9
74 428
93 109
141 166
298 301
205 153
247 423
25 246
359 268
334 157
50 117
464 390
194 49
422 473
422 161
112 486
353 147
494 7
383 222
363 439
35 172
143 153
142 235
405 335
470 449
382 93
247 75
204 498
442 3
202 337
100 265
4 442
132 324
94 204
64 256
330 288
197 216
458 342
203 357
88 215
384 217
192 201
433 24
25 279
219 196
144 469
459 400
207 226
33 134
226 144
217 366
494 384
129 78
55 433
412 274
476 188
151 122
209 184
230 376
493 341
433 32
344 391
122 14
493 444
437 113
139 212
90 408
21 30
190 181
369 456
230 53
394 328
364 282
303 448
322 289
261 399
299 54
242 113
231 156
51 385
363 340
374 399
145 311
40 399
384 10
119 124
30 239
113 113
66 106
457 380
312 183
478 202
289 296
7 172
184 137
73 243
41 81
438 481
9 183
324 116
159 226
137 318
265 312
97 395
392 180
334 188
317 451
223 229
187 85
494 330
443 316
136 400
89 149
451 122
279 341
383 138
399 463
426 154
2 288
283 493
469 279
5 154
177 3
115 470
196 369
239 285
81 349
313 18
1 108
202 146
117 333
343 38
215 32
93 199
163 165
339 324
122 162
181 98
174 304
294 384
381 448
214 351
451 144
454 296
394 2
305 126
339 35
450 415
441 78
68 82
287 404
211 456
8 445
175 16
56 421
466 256
327 7
46 230
30 277
56 128
268 183
387 360
23 438
465 2
256 46
115 383
413 491
397 146
345 56
146 205
324 269
42 13
388 76
398 407
158 439
343 444
104 434
438 435
387 113
200 17
203 50
327 174
261 154
118 449
24 311
71 75
230 95
16 435
170 393
466 199
107 53
184 348
90 11
12 254
170 466
237 429
76 28
218 319
348 263
230 24
443 214
124 430
123 427
121 385
360 106
250 249
194 265
22 365
33 105
227 293
467 361
416 345
8 254
323 419
178 203
113 58
381 438
461 0
348 118
235 298
186 82
189 188
6 413
14 190
458 396
415 119
86 111
499 72
443 231
165 454
27 187
121 365
213 282
397 386
278 87
204 422
237 229
416 0
464 233
116 307
283 92
160 309
162 24
169 115
18 195
441 17
160 499
488 241
315 498
264 278
308 205
244 447
245 181
245 75
322 418
161 338
376 330
189 34
256 441
29 470
401 347
218 249
2 245
347 96
104 283
301 23
147 93
155 227
110 446
310 481
402 178
37 319
3 222
406 472
14 435
383 37
478 411
187 72
11 374
355 204
14 331
127 401
322 165
224 499
469 234
133 6
467 83
28 90
307 250
255 370
479 481
458 302
176 232
113 103
1 291
442 343
316 297
446 474
272 130
41 492
281 125
412 431
491 65
282 480
367 153
430 449
77 392
446 252
427 410
141 352
466 421
29 192
400 434
20 212
71 119
359 407
180 193
39 255
462 180
27 87
130 353
31 394
354 396
90 156
76 61
316 477
120 142
479 496
321 406
400 341
492 356
21 245
338 471
388 371
157 354
491 324
451 282
422 416
295 396
88 76
159 383
267 380
306 115
130 44
201 476
224 309
428 490
232 211
266 189
184 192
293 102
331 228
80 23
491 163
112 482
208 169
52 394
96 33
295 421
209 192
129 251
129 61
381 130
7 207
431 248
360 370
133 242
155 172
213 119
11 173
236 117
218 253
128 58
78 231
136 355
122 277
209 370
7 6
72 329
72 26
315 386
377 197
229 308
96 115
360 296
360 383
187 436
431 334
428 349
23 298
444 74
486 373
334 392
333 330
350 409
291 397
117 306
306 92
186 429
395 49
86 140
252 442
417 449
28 211
71 232
219 321
67 444
5 141
367 472
136 127
458 343
308 231
266 56
306 365
181 302
373 12
211 292
487 330
376 177
492 216
74 288
404 6
312 25
24 499
96 394
35 280
434 317
347 328
423 165
208 109
200 157
68 393
266 30
2 177
427 160
85 219
268 346
56 160
153 419
245 25
230 344
65 211
88 324
452 76
260 388
456 467
341 94
120 280
294 203
267 138
99 262
263 197
5 452
242 439
321 146
4 97
467 160
71 67
136 434
321 172
249 7
297 305
235 184
335 481
349 365
83 212
272 333
135 203
311 331
139 58
388 449
273 109
285 199
12 433
446 74
163 128
55 384
17 294
306 51
103 162
367 171
236 444
478 35
316 441
74 298
481 16
160 17
145 476
94 32
134 319
366 462
276 437
145 206
311 87
49 337
324 455
7 412
371 66
70 449
433 218
428 148
373 289
396 390
84 399
148 490
281 62
79 132
286 347
267 416
155 41
404 83
428 337
307 441
246 291
221 249
435 267
203 270
322 495
73 206
182 394
203 195
110 484
69 232
134 375
471 395
386 456
164 338
144 344
496 456
296 216
425 220
13 9
45 99
38 183
313 9
441 212
243 334
397 103
180 311
104 350
472 387
443 333
425 34
157 316
261 134
435 468
334 315
278 235
201 244
42 269
487 426
167 33
23 415
282 413
462 278
241 50
448 445
334 384
162 384
252 148
415 200
211 285
336 84
297 293
486 406
471 495
312 166
329 128
490 416
298 496
147 6
91 48
27 319
9 330
47 419
413 99
483 10
397 142
445 234
251 232
197 101
43 489
216 67
163 324
183 85
440 416
171 452
142 442
455 456
198 202
14 346
453 450
257 315
77 220
391 376
365 216
327 329
410 342
11 375
229 323
366 312
265 12
274 447
148 170
319 436
453 356
77 151
151 21
402 73
307 492
55 222
185 198
221 365
236 239
445 194
237 272
142 277
319 201
163 185
135 150
416 116
221 251
435 117
109 143
471 275
38 102
103 417
128 300
304 429
113 198
198 283
255 141
66 201
298 82
438 186
122 71
473 343
59 40
277 141
398 11
205 441
215 115
157 307
195 285
493 28
34 394
76 115
235 216
215 321
7 222
239 101
322 391
52 195
265 305
209 98
248 170
244 140
235 162
398 190
395 17
351 262
31 218
408 463
390 129
449 207
373 320
414 32
27 178
28 133
370 282
383 294
376 430
335 39
392 205
349 246
131 79
68 163
424 31
486 12
200 78
48 267
67 57
289 211
260 17
250 173
375 171
107 428
462 105
125 261
268 456
137 251
189 36
218 147
245 462
133 494
129 288
194 110
430 178
492 364
426 274
445 258
266 5
102 227
379 71
112 82
360 158
336 498
232 45
484 278
25 175
59 300
349 297
402 121
339 380
465 308
315 459
53 445
461 234
256 255
455 398
241 35
248 400
328 386
159 65
205 105
218 250
479 445
467 248
380 54
347 80
457 62
74 373
113 185
183 439
75 1
478 69
98 435
59 377
375 270
324 47
357 89
191 486
252 238
345 224
85 156
183 337
37 486
266 259
312 200
295 470
23 271
479 324
12 182
351 464
425 36
106 45
444 149
369 70
23 121
11 424
349 307
323 227
68 252
330 456
362 420
281 148
191 108
204 21
350 14
62 279
258 175
110 59
55 403
405 138
418 21
31 489
104 367
120 467
98 376
127 252
43 356
409 102
471 482
141 238
333 410
345 11
475 172
449 395
279 200
2 337
399 234
168 75
474 165
228 52
25 360
356 36
292 451
241 45
154 294
355 189
153 406
309 305
255 494
400 61
145 1
72 138
79 313
366 341
249 394
382 90
130 171
469 344
123 308
46 217
2 367
43 69
70 258
431 101
289 97
4 150
368 483
200 414
418 115
74 327
186 80
134 421
124 428
456 2
14 115
445 468
84 375
336 460
197 267
380 153
113 14
95 30
226 194
149 496
119 347
463 425
171 227
76 324
224 150
148 438
169 240
120 340
120 287
195 4
435 25
147 331
224 28
490 54
316 61
118 433
348 407
439 22
404 42
9 312
282 269
85 344
81 286
450 147
396 367
378 330
244 298
193 7
285 440
362 298
433 416
231 91
294 165
275 309
446 417
87 430
155 278
252 427
494 436
250 258
0 264
80 189
374 284
405 313
13 230
404 277
99 274
138 128
251 341
133 322
120 363
137 119
31 15
397 67
1 94
179 153
227 288
243 73
430 270
426 134
9 100
462 357
169 242
419 158
459 322
91 71
239 34
369 171
109 161
71 50
335 100
119 328
38 336
236 484
333 305
248 192
186 170
34 482
388 356
44 405
476 40
358 103
38 327
402 439
75 258
287 277
169 476
66 481
176 83
71 483
185 377
32 271
442 225
104 445
308 458
476 459
170 205
21 8
128 107
322 225
426 192
426 499
52 199
242 414
415 260
468 247
380 195
209 320
227 77
468 333
255 418
261 90
440 203
385 422
210 319
72 372
207 124
328 319
205 108
380 262
257 127
341 210
468 12
347 429
449 27
211 258
195 234
456 309
256 377
122 19
186 470
51 36
453 37
130 15
443 391
434 352
453 294
156 41
109 451
54 87
476 92
27 154
168 18
367 70
403 451
490 271
484 116
372 396
417 499
469 459
384 8
14 101
62 116
261 211
335 45
246 419
197 137
342 63
310 448
341 57
448 358
206 59
441 218
483 350
90 107
454 27
256 408
336 254
231 350
211 17
206 158
133 39
373 35
75 473
355 54
357 357
50 140
430 336
15 33
298 216
2 409
61 321
31 229
359 403
34 178
195 47
41 382
213 10
486 255
241 290
403 414
123 361
451 33
182 307
448 46
153 191
293 89
480 111
286 117
457 407
85 20
82 408
195 482
328 75
210 291
165 156
395 193
184 282
192 332
143 146
68 426
210 106
236 311
337 34
111 426
39 15
452 405
334 387
358 284
331 194
260 63
122 419
140 295
286 117
321 454
190 11
325 472
192 183
155 248
17 287
396 183
456 224
380 148
35 38
181 220
448 4
418 110
354 100
205 467
462 321
227 1
360 404
328 140
20 373
134 302
349 303
254 470
20 248
48 208
256 68
372 447
352 7
308 244
21 385
15 469
125 89
272 213
277 312
387 390
470 1
251 411
302 159
153 80
59 495
304 311
481 146
72 340
110 346
153 438
109 218
351 236
458 136
244 484
29 167
11 300
432 185
449 130
321 52
103 375
140 2
468 131
482 130
162 61
261 253
321 193
346 444
36 51
163 449
198 75
498 358
271 184
316 321
190 12
69 266
251 106
171 352
36 488
181 186
244 44
470 302
21 332
486 191
284 279
147 446
42 226
453 372
324 417
165 401
192 456
190 87
256 414
246 365
19 437
424 289
381 448
485 302
216 282
21 268
343 352
391 124
44 345
10 182
269 202
318 140
278 54
85 98
193 6
404 438
280 299
310 475
455 148
355 16
222 118
12 388
435 312
47 447
339 53
109 485
213 185
312 263
400 325
101 219
302 75
88 280
36 106
376 446
239 257
66 481
336 227
114 335
121 242
425 280
368 35
300 488
212 84
168 402
451 103
7 386
26 239
287 344
238 329
161 225
130 121
200 308
185 56
195 231
283 175
163 41
50 220
263 247
67 364
417 267
210 127
431 235
23 420
307 339
125 358
495 364
493 218
480 250
369 405
176 175
195 124
270 291
54 152
447 492
473 174
383 323
463 66
198 93
150 79
147 0
439 255
352 344
101 361
422 439
99 433
252 354
58 277
241 219
249 167
430 318
143 80
188 13
112 214
345 323
231 358
0 497
45 7
408 417
465 187
297 176
241 273
271 6
364 340
369 458
294 245
230 234
265 438
250 320
453 159
92 264
83 358
437 57
471 395
165 39
380 274
293 435
475 354
82 477
324 432
492 326
348 388
284 187
373 374
36 307
348 104
239 482
289 273
225 451
378 78
4 367
57 142
406 52
71 28
329 12
296 55
310 399
338 129
77 388
434 14
268 271
44 84
83 322
221 491
98 72
308 238
158 87
147 53
138 346
189 315
125 437
377 461
393 397
247 49
237 422
252 283
145 357
448 324
320 19
405 456
482 349
372 39
437 147
28 4
84 311
299 470
39 275
439 426
69 177
309 446
29 174
127 386
291 150
241 294
205 226
200 383
496 164
263 165
471 298
201 270
24 5
274 178
473 449
50 240
291 478
137 379
411 409
272 126
441 166
140 179
107 48
17 40
197 488
31 400
434 265
429 330
28 181
116 412
122 298
289 76
318 405
116 244
277 66
120 321
458 167
127 475
187 297
310 382
24 167
472 393
38 291
383 421
41 7
151 449
474 218
313 159
214 299
238 494
244 269
110 148
7 6
252 17
275 48
157 162
355 201
466 43
286 184
300 220
415 219
422 52
487 190
159 103
299 341
281 487
362 148
410 320
142 347
479 419
494 376
369 251
381 43
495 205
167 246
374 245
199 316
158 72
270 222
344 85
287 458
288 311
247 114
370 296
471 72
197 41
275 151
358 492
340 327
364 386
204 309
110 89
312 472
202 12
341 119
32 105
363 377
161 97
112 494
392 371
81 478
456 298
494 177
373 41
443 489
490 161
454 178
254 202
349 238
296 178
22 203
198 362
284 271
323 345
178 5
21 339
440 331
494 432
317 318
480 392
420 10
11 141
244 391
274 247
260 494
176 22
177 340
169 62
359 253
168 3
253 165
495 476
464 151
346 7
199 270
3 202
154 280
220 357
285 369
384 79
298 233
20 291
411 472
246 45
483 414
471 63
406 441
142 218
426 230
318 429
250 307
461 418
368 127
58 275
376 195
385 97
181 247
283 463
84 313
339 134
251 393
421 135
203 26
413 480
37 368
442 382
488 403
335 391
437 2
35 279
451 53
130 416
20 181
67 46
323 452
203 386
151 247
191 59
459 338
91 398
214 256
458 65
32 238
84 302
399 489
378 176
254 427
127 413
442 58
385 422
439 422
499 140
199 22
140 178
188 8
442 120
60 55
80 488
296 271
72 58
275 121
1 199
5 400
468 44
96 44
64 463
419 290
487 145
30 4
420 87
179 470
76 26
250 136
110 339
207 491
330 196
23 405
220 473
286 125
335 152
244 18
392 136
373 435
97 265
58 176
454 316
36 139
278 426
119 89
499 373
445 406
449 46
380 487
311 256
444 115
447 347
9 249
97 266
19 323
154 43
404 137
338 336
497 388
134 403
87 173
359 100
143 191
468 155
458 140
10 476
287 432
230 396
39 69
65 271
386 114
124 382
406 104
83 40
379 465
479 469
270 64
207 377
487 213
205 382
14 185
296 481
389 89
373 388
379 332
436 49
243 11
172 57
422 437
235 263
215 250
493 180
435 346
481 356
404 466
317 399
188 78
417 152
214 90
270 144
334 322
493 76
469 457
370 187
190 497
371 89
480 415
357 71
137 58
300 445
3 314
222 277
34 437
63 334
272 296
61 69
140 142
415 334
440 282
195 345
123 459
275 116
137 82
134 409
183 334
251 182
222 82
489 13
23 311
139 193
361 378
491 310
225 7
460 367
435 29
305 44
145 2
445 168
310 304
477 231
429 427
61 471
372 52
486 20
204 353
167 243
117 342
12 64
96 316
88 348
455 278
66 202
113 296
118 19
287 346
87 91
136 79
291 376
157 83
341 416
66 346
16 446
443 436
420 455
112 34
221 347
344 194
151 122
317 193
29 433
239 306
16 327
75 290
342 411
165 128
410 217
340 34
202 220
274 233
387 228
240 389
465 16
461 485
187 35
290 238
87 431
231 258
200 386
243 79
298 374
170 154
131 232
455 124
144 39
96 355
158 249
66 100
378 161
31 272
412 405
69 460
388 435
178 194
499 367
487 314
321 495
228 171
411 39
473 12
476 183
290 303
154 294
354 410
192 69
305 114
347 436
300 199
210 243
123 335
339 283
296 62
14 275
140 393
114 161
215 457
91 390
29 330
355 33
304 118
365 432
48 189
203 389
398 332
447 54
99 182
425 96
421 25
447 261
125 315
120 38
112 47
287 403
488 159
268 379
12 309
65 391
21 380
264 306
417 180
494 330
40 330
212 444
66 197
264 258
308 352
451 167
76 19
418 264
128 240
343 51
293 141
0 99
356 493
245 367
14 235
37 71
48 382
219 54
238 296
238 460
278 402
286 57
268 98
415 185
200 110
156 37
9 343
172 266
70 270
487 188
331 304
327 93
46 244
496 130
366 429
33 338
499 454
188 60
125 120
97 45
84 154
401 110
353 447
41 465
157 156
278 417
113 1
293 0
178 386
208 277
367 239
284 289
368 115
412 291
435 391
495 125
426 296
120 461
12 69
362 250
130 104
426 330
80 142
484 153
144 82
163 199
143 274
489 14
181 120
211 103
112 450
111 43
198 98
238 24
59 122
100 324
433 145
446 125
480 460
325 323
381 475
361 0
483 288
370 404
477 481
24 232
457 410
203 311
30 88
277 203
121 63
430 461
108 466
371 205
116 404
147 80
42 105
450 8
161 182
58 4
6 205
83 287
26 438
413 51
134 409
155 190
420 415
455 185
93 13
32 184
338 313
295 157
292 220
405 198
299 44
230 305
384 355
484 462
255 161
41 242
231 85
307 412
68 99
71 141
233 388
196 314
389 294
438 146
189 143
140 88
120 401
254 136
164 320
24 84
301 431
129 27
146 231
245 261
315 338
215 423
15 95
255 197
408 14
317 308
353 154
400 72
165 217
134 177
56 135
234 218
365 460
106 250
240 52
232 237
476 468
480 113
491 195
81 57
14 182
196 77
383 420
81 82
180 279
7 342
34 478
228 374
111 338
346 344
225 380
180 79
0 79
4 123
286 284
365 101
467 378
492 387
226 254
451 237
92 209
59 173
133 93
378 296
209 498
14 31
22 450
358 479
469 258
15 241
44 123
376 46
422 117
427 295
248 240
175 238
93 30
302 242
198 97
231 206
31 72
288 202
80 182
83 327
150 397
166 325
194 14
303 117
233 138
60 276
56 249
429 25
130 149
338 462
163 443
174 349
84 278
472 277
231 270
413 340
283 15
499 31
265 387
409 334
485 341
497 101
494 97
69 297
132 325
151 437
105 178
139 414
300 367
120 73
223 149
53 196
376 469
383 480
404 493
234 106
163 343
225 350
95 447
70 495
141 412
412 65
86 250
227 305
144 2
380 383
213 303
140 407
386 487
47 99
31 78
376 160
438 155
128 169
407 113
149 204
396 450
402 214
483 322
11 181
57 466
300 173
304 372
310 113
195 200
11 451
472 277
396 413
215 142
50 193
100 431
69 408
99 141
44 91
415 169
417 419
345 453
135 103
258 140
228 315
429 393
18 283
364 167
331 196
166 164
257 150
87 32
474 317
121 280
379 377
92 461
146 88
191 279
183 481
477 29
297 444
223 109
176 50
390 101
325 85
189 9
184 64
210 222
91 54
421 249
102 235
14 309
422 198
28 336
79 315
360 407
202 496
193 101
36 278
220 306
33 417
264 448
245 424
473 289
315 160
262 121
453 457
314 338
139 179
187 267
69 273
157 426
90 271
262 121
370 61
88 215
226 88
2 374
264 314
495 2
405 12
61 90
475 224
288 116
283 1
351 429
492 323
82 209
189 229
459 74
349 453
289 187
194 220
335 211
128 179
119 27
140 170
161 435
215 105
56 168
412 59
229 253
253 84
270 166
257 222
431 412
362 142
42 404
470 389
92 332
158 81
3 332
252 284
306 386
177 320
390 170
279 418
455 293
473 154
341 23
209 492
184 38
61 481
114 131
259 292
476 396
170 129
472 98
441 292
360 348
478 360
345 263
157 477
445 499
24 421
431 278
180 378
271 422
133 395
179 97
89 332
384 341
201 169
370 115
419 327
324 219
384 230
139 80
38 466
262 479
253 53
305 240
302 150
353 57
207 152
471 482
107 19
105 8
350 331
117 161
54 192
366 272
136 34
116 96
410 279
451 250
80 220
338 66
81 449
453 347
443 214
202 333
34 480
336 227
322 334
267 90
205 140
38 38
484 466
408 460
95 211
486 345
345 174
230 320
455 133
478 251
320 199
117 282
275 409
425 173
292 235
30 58
88 472
383 276
331 295
166 213
62 398
56 23
264 107
152 155
374 216
437 307
182 349
420 49
338 243
208 479
108 470
219 280
216 400
401 442
44 96
33 366
155 448
266 200
49 416
457 452
219 80
214 28
290 36
163 416
173 169
417 29
77 162
286 429
198 126
262 473
499 457
48 102
170 387
371 57
352 65
162 394
128 61
18 359
128 309
291 388
131 85
122 193
42 484
491 153
23 124
319 314
334 360
435 426
251 149
96 294
251 415
428 107
388 199
251 43
435 456
103 208
492 244
55 481
161 78
407 211
203 457
497 286
395 175
464 120
408 154
19 135
490 409
217 418
380 415
261 125
36 443
204 498
145 436
303 77
497 463
165 27
192 163
71 474
351 354
255 357
33 5
425 33
54 48
245 83
151 58
366 334
6 71
260 68
233 3
356 452
343 475
170 263
246 464
116 499
207 482
370 326
490 483
386 342
215 187
303 372
8 44
105 10
358 272
184 228
296 426
325 99
376 38
63 120
371 127
161 63
37 190
440 50
499 18
216 348
258 204
11 138
213 223
49 308
86 492
193 93
392 189
153 176
323 271
54 139
234 232
180 447
304 439
374 330
25 213
72 498
429 402
402 390
454 444
381 218
15 25
267 48
256 391
40 458
232 424
268 183
266 58
174 88
121 121
397 428
162 21
413 341
309 360
404 429
54 69
362 496
219 319
314 272
340 73
151 194
390 267
440 287
421 29
3 115
135 19
393 377
474 423
121 312
487 410
34 355
166 463
59 350
86 299
382 260
170 103
133 452
387 239
81 93
387 218
58 239
251 354
365 459
256 75
393 292
249 94
64 460
344 118
302 335
393 402
394 118
106 127
1 451
40 227
140 204
267 261
216 266
99 28
427 53
55 445
130 57
368 463
473 312
296 486
113 16
392 441
173 98
283 315
188 161
463 157
121 317
43 192
397 87
351 371
411 229
172 22
464 140
468 401
203 218
170 232
284 332
186 316
416 438
44 79
161 490
109 370
319 198
279 198
469 345
75 96
23 228
294 359
238 83
442 270
31 181
59 201
435 382
230 175
385 267
72 348
93 30
137 288
313 408
253 272
465 142
253 319
14 38
156 416
241 34
279 203
323 123
386 115
302 52
288 88
76 17
430 228
189 342
444 126
287 75
428 3
300 81
75 389
429 317
498 83
328 486
184 163
451 414
244 199
117 320
286 392
142 136
397 8
410 223
34 188
327 493
290 155
442 196
496 326
442 477
178 317
32 335
267 27
24 29
344 24
132 113
456 419
28 175
492 94
97 418
182 470
175 368
464 84
73 453
146 321
432 78
304 396
349 307
355 29
8 142
190 76
261 174
351 268
248 249
231 94
183 264
184 138
300 431
206 399
49 239
213 388
397 472
465 267
451 195
262 51
248 59
135 234
329 426
253 33
413 495
497 128
455 14
19 100
459 228
348 146
42 337
9 396
223 459
102 250
73 297
54 374
454 492
140 209
313 325
154 210
472 109
245 173
117 163
267 98
439 211
252 180
0 428
371 60
431 255
181 107
243 315
202 453
438 6
356 29
145 431
457 281
397 424
164 273
404 280
127 10
493 455
413 55
4 181
415 296
106 62
486 372
233 104
439 75
387 209
370 101
232 358
387 384
332 79
204 476
398 436
109 206
386 271
304 312
417 409
36 33
290 485
40 100
25 192
461 487
129 373
408 208
197 382
197 8
364 358
283 376
418 55
103 377
392 390
191 80
231 342
73 275
20 323
433 480
499 428
369 359
110 147
1 377
220 147
252 451
135 362
343 489
361 81
9 283
394 311
416 174
387 465
262 445
40 141
284 29
287 481
382 164
252 423
437 258
497 370
298 436
350 326
172 100
135 152
435 359
306 446
98 60
87 121
300 197
336 363
357 16
375 152
171 432
80 344
280 160
373 50
121 370
374 118
11 334
265 346
64 307
239 35
420 204
146 331
297 130
33 193
64 24
175 276
415 254
289 267
157 5
392 142
148 221
428 263
94 303
214 314
168 472
328 369
87 168
391 292
279 199
12 377
27 398
24 441
220 381
16 228
395 144
124 258
139 312
48 233
136 402
283 221
273 1
177 70
311 155
56 15
21 64
488 20
131 332
204 383
167 414
279 198
151 460
43 114
330 255
413 159
221 296
126 61
251 243
136 48
158 59
32 216
221 298
326 73
305 212
283 187
449 484
343 317
63 44
241 427
95 38
209 432
487 489
156 72
377 268
63 333
178 424
433 21
51 334
395 105
37 331
176 351
232 331
117 35
140 403
73 232
264 21
477 451
283 276
94 422
409 258
219 182
483 80
322 134
376 31
198 150
285 487
131 434
438 271
166 483
432 218
329 447
352 304
307 430
366 279
138 332
22 157
487 271
200 447
107 151
206 480
70 402
150 80
212 415
114 155
116 444
408 387
333 84
234 118
216 288
326 38
114 402
51 42
403 40
174 152
320 36
188 404
264 274
142 316
320 38
45 271
216 435
386 308
34 36
218 325
88 26
274 476
52 212
164 31
117 485
28 292
399 259
100 263
26 122
289 82
217 451
278 287
377 262
268 425
373 7
437 243
265 231
239 459
224 64
415 101
368 167
159 26
162 412
408 297
416 490
481 157
12 352
321 153
440 464
479 57
290 20
209 131
343 248
443 297
40 355
232 25
140 209
197 190
263 190
362 286
441 446
214 0
104 279
352 359
152 410
118 128
241 437
422 169
421 255
41 190
488 268
156 35
61 32
327 371
413 230
92 150
77 219
82 410
456 480
393 458
68 240
334 288
241 105
349 307
450 446
41 113
272 321
99 102
69 405
434 171
433 352
349 284
44 235
337 456
476 305
384 413
424 31
237 410
35 12
58 141
26 166
449 484
277 252
253 212
178 217
304 201
230 324
217 118
402 455
464 196
215 176
338 126
281 420
197 234
99 329
58 269
285 365
310 301
260 429
288 140
55 106
196 442
481 395
299 448
475 171
101 180
459 226
254 380
349 22
353 197
40 383
34 169
241 258
130 204
490 378
26 358
279 229
207 409
3 493
296 487
488 316
219 304
234 239
191 434
460 64
266 256
76 216
87 24
127 236
62 219
211 38
322 114
369 474
251 176
392 36
493 103
423 105
360 376
146 5
65 45
165 238
400 282
87 119
175 50
191 168
275 47
77 68
108 67
208 434
185 446
271 131
366 196
441 387
2 254
303 375
195 404
377 368
223 77
332 209
188 44
462 377
92 13
316 58
325 229
56 121
324 457
117 349
164 395
134 31
435 377
479 46
317 281
413 302
207 389
220 81
263 436
319 51
183 225
89 109
396 232
499 212
204 434
9 377
38 432
423 339
49 285
189 245
195 221
139 174
312 88
363 21
418 134
475 181
297 168
497 20
312 400
181 484
366 368
333 448
394 132
103 336
201 179
245 469
22 370
131 172
253 336
395 267
330 491
335 415
224 149
155 177
120 377
266 378
21 15
326 231
154 385
39 303
477 15
21 284
26 187
332 272
327 273
185 27
447 486
365 100
29 334
88 302
51 59
64 200
314 32
242 411
51 477
183 379
47 53
331 206
199 0
338 18
112 80
16 133
268 481
185 124
217 270
43 396
237 303
90 112
152 275
34 192
52 486
266 427
410 280
367 167
78 284
214 73
188 405
77 307
202 422
129 158
315 217
190 146
324 104
420 70
117 335
316 16
444 352
299 307
470 494
412 394
468 288
229 223
417 104
270 248
153 195
419 75
308 220
465 404
295 184
125 267
36 328
19 446
159 482
297 91
213 57
176 133
216 488
284 467
307 457
300 14
306 420
414 351
214 280
304 380
375 354
464 325
129 130
454 451
450 353
8 260
201 329
53 21
411 347
297 91
13 466
78 190
174 29
423 12
158 144
308 222
74 411
371 113
3 144
207 180
345 44
254 442
227 444
487 6
389 432
231 181
190 215
17 244
242 441
468 28
264 158
132 350
147 56
175 478
288 300
424 470
120 486
186 264
69 477
410 222
365 196
156 103
79 378
241 156
9 284
92 129
481 251
407 280
220 477
126 461
6 229
47 426
384 448
279 214
386 150
317 420
48 387
379 112
39 83
352 468
163 481
17 151
448 124
280 355
209 345
163 150
13 351
57 471
5 210
326 12
294 329
280 366
296 212
286 374
332 101
399 479
447 43
236 408
273 455
276 448
421 334
346 106
373 264
200 479
186 464
269 265
174 244
4 414
134 57
98 310
165 100
422 311
367 493
437 294
63 455
469 167
448 453
333 452
179 127
438 71
215 251
105 409
452 260
411 85
113 109
84 227
491 35
154 477
289 367
66 83
401 344
406 312
107 325
63 395
295 112
130 176
308 418
422 402
136 347
483 342
384 39
130 179
105 257
12 282
403 297
328 423
98 26
336 70
175 65
83 149
25 487
155 179
15 96
454 38
102 365
360 406
372 171
146 415
2 0
341 263
343 175
148 467
43 253
285 5
15 238
221 182
354 467
144 261
140 326
320 166
269 211
499 178
166 458
86 127
235 183
95 17
284 326
86 145
195 332
151 136
481 269
374 335
378 387
183 376
143 46
95 386
226 491
278 144
479 282
278 126
126 416
466 229
484 48
72 256
79 198
313 373
302 302
342 393
86 178
357 242
337 31
132 299
413 481
9 34
111 273
75 315
293 343
53 347
451 315
327 121
499 293
328 27
84 314
79 181
301 287
203 358
360 416
385 433
134 119
479 188
156 414
312 22
160 19
52 3
80 356
415 331
424 79
44 358
294 396
33 32
3 50
269 362
449 136
478 89
25 345
242 389
96 394
20 173
403 260
214 466
293 182
163 460
109 441
441 141
357 207
130 152
92 26
300 226
378 347
428 241
238 103
232 17
350 241
484 185
429 430
351 433
55 361
420 61
401 166
258 405
74 234
340 135
50 264
352 491
114 167
314 304
233 214
11 403
242 8
245 110
50 78
356 458
103 439
359 287
127 372
200 270
496 319
368 432
57 434
309 86
81 95
124 466
341 111
306 271
268 462
190 413
317 312
288 28
139 149
455 375
73 261
465 222
266 277
239 227
324 248
129 401
115 489
457 111
197 216
347 146
10 183
237 446
100 224
41 475
87 143
436 131
329 245
107 305
449 23
435 237
355 57
288 273
166 460
268 44
353 135
61 93
128 94
262 161
244 429
355 50
67 183
235 171
173 357
356 19
25 189
153 113
370 51
149 51
73 193
213 161
449 327
453 1
491 185
430 210
463 268
204 427
354 483
2 108
374 269
263 199
72 82
367 454
250 342
307 208
414 101
260 385
62 186
358 263
243 70
314 222
132 292
101 307
488 396
476 422
290 75
47 286
223 119
390 429
126 411
449 286
194 290
391 475
191 100
81 83
137 171
436 265
474 118
58 116
155 284
238 316
394 11
68 226
278 155
450 463
321 495
485 477
3 412
359 390
218 357
483 283
481 143
130 228
352 65
430 166
73 62
380 461
322 72
136 458
388 377
346 405
322 89
316 460
339 161
275 86
466 343
198 463
37 447
6 253
158 268
28 393
397 165
335 76
430 439
388 423
37 372
95 388
184 46
471 252
105 58
493 354
37 322
417 276
397 64
236 69
389 431
6 83
355 13
249 332
188 70
13 232
144 482
435 14
368 158
460 116
407 259
444 96
283 230
317 374
215 62
239 241
406 304
461 351
265 496
73 134
43 294
359 307
212 357
253 309
205 120
2 65
261 297
471 469
494 234
446 120
106 225
422 478
302 79
462 452
398 189
139 200
161 309
442 385
371 60
50 61
339 340
345 391
276 142
209 472
299 258
446 62
389 51
354 141
52 306
442 153
330 257
320 492
447 64
26 258
437 195
256 239
351 263
304 396
32 71
347 234
474 334
237 436
334 168
288 72
178 298
79 378
174 240
367 499
497 271
91 238
191 205
315 482
361 201
196 30
101 7
219 159
414 108
264 426
164 325
147 221
465 143
165 256
317 461
6 115
473 91
346 417
392 2
302 173
64 63
403 207
67 411
483 243
473 406
27 204
450 81
397 225
423 233
193 249
446 166
212 433
492 386
119 499
417 17
109 280
332 223
334 57
36 176