500
1 203
152 64
385 59
191 220
40 16
249 11
230 192
342 499
141 114
38 61
256 41
430 116
311 423
110 120
332 360
401 298
387 443
329 36
72 253
331 148
163 198
339 393
278 450
373 133
197 160
169 352
315 299
372 126
169 179
232 161
284 132
408 445
25 148
209 53
461 70
151 227
388 343
299 247
61 404
304 480
161 379
498 452
210 387
297 310
241 496
318 38
344 79
83 16
371 204
172 32
307 214
417 82
320 229
85 274
364 455
270 441
409 351
350 160
462 155
123 423
139 91
445 444
126 7
480 339
81 192
321 48
476 55
420 218
282 320
342 21
194 191
211 286
333 436
80 253
193 385
493 115
380 488
398 139
37 435
410 242
132 309
350 156
77 397
109 247
435 267
217 465
258 107
410 141
127 472
231 379
214 178
141 18
469 132
331 161
180 458
30 269
43 350
226 388
24 286
88 349
284 121
157 24
234 452
204 13
77 488
417 195
365 451
366 267
198 400
153 299
378 77
339 196
197 433
372 360
398 152
364 422
453 32
265 238
496 61
315 368
491 482
289 469
476 334
487 56
167 92
397 70
303 198
41 475
280 364
186 46
197 142
141 324
130 387
58 465
12 1
321 147
210 391
109 378
447 348
377 338
37 362
83 79
127 86
422 141
495 64
315 452
481 70
175 136
255 42
463 134
414 62
6 31
339 66
201 490
132 347
206 226
354 41
394 470
89 90
133 269
256 374
477 195
366 33
321 281
477 24
148 323
182 140
434 454
16 6
18 108
89 230
110 268
88 2
459 312
378 490
368 0
52 452
7 390
478 366
91 403
287 426
74 252
406 29
320 113
13 212
69 424
253 19
485 70
120 413
91 391
251 324
488 239
64 187
189 262
209 193
411 218
356 290
71 161
74 358
63 388
1 149
140 99
188 486
56 99
365 290
279 181
188 307
120 420
51 446
188 54
410 303
209 294
126 15
357 369
440 414
172 108
279 105
445 33
392 132
128 315
433 34
40 462
228 330
390 329
440 491
190 371
158 27
301 267
141 327
69 238
78 37
315 343
312 459
281 212
453 391
13 412
482 35
119 211
336 206
321 124
30 246
439 290
68 189
67 206
387 150
197 41
144 141
15 235
294 442
429 263
335 39
413 122
162 57
100 360
41 194
154 327
226 113
345 430
346 191
358 495
41 121
450 496
454 405
45 41
340 341
491 7
296 399
40 208
466 201
128 36
433 129
217 436
256 17
253 304
358 492
449 256
350 232
251 241
240 73
212 170
341 194
476 321
478 23
177 354
106 200
202 137
20 166
373 342
283 445
455 242
125 263
95 449
408 437
240 158
244 137
211 192
17 101
47 409
44 323
398 194
188 259
209 292
14 297
391 106
264 70
448 203
309 110
380 187
17 341
42 277
169 478
322 495
190 48
284 54
405 380
25 34
76 359
378 277
485 359
29 488
193 203
57 434
151 186
289 135
357 148
169 74
222 198
470 169
98 220
317 299
392 463
323 267
286 425
262 191
221 416
417 116
223 151
272 475
122 75
332 96
79 498
178 271
13 162
322 148
214 311
245 341
467 372
329 76
418 479
72 275
315 277
281 33
205 392
296 467
186 107
452 15
342 415
63 350
251 480
460 321
57 398
85 352
43 410
471 201
450 312
336 185
291 61
235 39
298 254
375 454
225 387
7 420
307 119
440 456
476 22
427 420
310 467
322 27
425 141
109 86
65 476
40 210
384 314
246 424
218 478
187 319
78 193
297 294
377 307
167 309
324 416
251 22
465 86
299 146
313 108
355 49
415 466
362 430
335 436
374 246
11 230
196 67
372 400
149 498
363 153
103 277
312 315
481 417
428 225
443 355
306 374
199 231
388 251
215 328
340 145
324 450
34 213
358 460
197 401
106 248
5 267
467 138
251 101
230 141
150 415
207 397
233 414
187 475
133 244
9 4
221 407
4 225
218 462
100 337
73 321
288 253
418 182
54 23
334 400
398 481
281 499
222 490
7 104
3 497
492 295
139 38
26 42
215 469
5 209
483 52
209 408
287 143
76 106
314 107
23 359
165 488
94 330
404 86
493 440
8 284
184 482
392 354
348 279
263 126
288 37
280 407
356 340
236 33
271 229
104 435
489 403
426 31
89 232
1 418
274 448
150 157
52 92
131 18
192 273
163 373
296 416
373 421
403 321
387 170
371 210
175 395
258 68
224 22
153 485
57 295
42 206
86 77
366 412
150 394
68 345
81 193
391 394
140 206
45 118
109 349
283 17
37 9
299 287
364 93
411 12
194 228
27 484
465 66
3 392
222 469
434 243
312 278
316 133
242 220
476 209
301 334
381 47
222 238
418 48
482 331
445 271
57 179
481 101
96 137
174 280
193 246
195 340
455 333
252 327
414 440
174 442
470 273
473 432
278 105
448 11
76 273
68 137
433 106
267 264
431 345
64 138
452 441
292 324
477 367
391 215
30 105
90 35
138 350
415 262
64 479
66 236
341 298
199 326
348 230
348 262
338 15
459 106
491 351
356 125
53 450
196 356
131 472
58 12
130 426
83 197
160 414
463 445
284 271
87 76
432 364
146 226
315 320
127 438
240 244
278 112
293 372
137 296
121 29
379 369
65 33
227 270
458 166
64 219
322 389
370 305
246 482
288 235
487 241
327 353
204 305
349 197
9 339
88 478
143 183
192 269
245 258
219 350
463 282
307 279
377 425
261 15
477 208
316 22
243 196
185 393
234 60
89 473
341 495
142 250
115 294
431 169
145 136
434 487
181 417
317 50
396 436
288 231
311 318
305 425
261 172
164 374
317 126
316 277
291 332
135 172
28 317
374 430
406 139
391 384
15 322
403 231
431 270
216 307
325 183
208 37
494 325
21 319
465 479
75 153
423 429
363 214
242 49
477 40
40 398
264 206
272 163
80 252
79 298
447 263
461 488
43 94
154 24
433 350
300 320
141 428
257 335
294 131
69 317
276 166
444 24
257 200
179 64
285 274
41 300
29 161
393 266
472 293
396 225
397 483
445 453
143 326
198 9
489 118
286 472
323 11
221 135
140 94
387 1
28 423
220 272
135 143
262 197
443 245
0 278
215 320
252 428
428 489
38 394
146 35
110 307
421 74
327 200
355 350
394 203
394 279
396 120
15 465
17 378
95 135
202 279
470 322
123 114
420 152
79 5
304 196
324 190
192 36
335 232
80 41
404 347
480 284
123 16
362 199
198 229
442 230
11 168
226 217
231 0
105 418
97 354
241 207
177 170
394 6
421 359
378 256
171 30
451 249
490 490
55 70
61 498
118 341
389 14
207 399
302 483
30 242
325 415
255 89
277 302
377 214
223 234
498 65
140 289
333 106
41 126
405 157
353 113
88 456
269 59
200 352
153 77
306 241
435 476
7 154
200 357
65 51
161 485
290 286
227 285
11 294
85 436
8 18
245 433
352 332
350 484
137 226
189 28
263 167
253 112
372 69
312 477
216 15
415 161
78 335
258 131
377 172
331 448
72 347
65 484
174 316
115 58
186 419
256 174
302 291
80 170
340 207
463 340
313 134
261 385
98 91
23 390
104 372
439 357
474 492
495 109
152 315
80 309
307 145
175 284
145 308
74 406
319 121
137 393
217 296
350 198
220 267
333 443
172 317
336 408
489 483
393 22
34 49
212 445
322 14
319 28
385 382
165 446
3 170
41 25
37 152
406 471
392 329
382 444
273 213
455 85
258 382
464 310
239 458
322 401
53 18
416 131
2 344
20 66
265 402
114 391
222 197
9 36
207 137
241 246
104 341
208 272
181 402
305 385
58 263
209 226
58 85
84 364
410 12
34 209
364 271
117 294
405 277
194 88
245 251
137 269
82 156
248 15
452 331
374 414
160 490
463 403
72 388
38 330
182 436
240 191
489 486
476 252
294 329
309 483
489 186
405 316
455 111
122 62
151 235
240 210
32 284
269 312
80 98
222 160
65 339
270 392
421 28
349 458
336 373
138 97
464 151
343 148
183 252
373 475
385 347
177 180
7 275
103 260
252 109
234 19
463 225
478 287
178 55
366 225
178 421
251 204
60 162
41 78
266 431
227 296
498 239
56 46
389 267
76 136
78 224
280 365
331 219
450 247
256 394
110 275
193 446
485 413
159 73
186 19
370 470
284 378
373 90
331 237
51 443
325 102
120 241
140 326
103 335
115 449
146 444
196 144
254 99
120 74
82 167
111 495
400 270
51 162
29 22
403 172
487 367
68 143
369 445
66 280
448 321
187 245
117 442
110 273
255 420
471 292
98 48
379 304
481 299
134 416
375 253
157 176
395 16
360 467
346 360
96 150
312 98
319 433
223 145
145 157
357 423
248 201
493 407
133 134
208 37
341 433
114 173
321 145
83 63
259 159
478 361
476 106
13 326
6 243
150 262
280 166
386 58
289 151
18 372
427 197
0 215
364 397
116 47
10 197
191 328
472 228
205 394
222 100
310 171
16 482
37 282
291 227
1 386
268 402
140 434
414 73
85 60
165 7
128 377
360 483
461 268
50 462
66 198
150 386
217 119
142 5
47 436
97 128
280 273
266 164
260 61
457 454
170 218
485 414
448 339
103 73
286 216
298 39
152 270
263 162
126 474
211 292
153 310
24 398
289 278
198 166
105 444
433 189
320 93
285 91
233 30
477 395
31 153
147 337
195 180
376 299
163 126
52 411
390 436
245 110
316 121
488 483
315 487
471 346
36 339
380 459
402 79
450 364
440 137
315 106
27 235
231 438
45 122
366 382
145 188
68 11
85 487
316 94
436 462
43 97
249 316
328 352
397 108
168 439
319 453
353 222
111 226
98 227
491 108
298 470
233 44
33 444
305 265
300 12
428 42
80 125
460 10
101 488
287 475
354 460
404 61
403 109
405 478
131 37
37 299
405 182
85 426
75 238
11 88
145 218
468 278
181 225
259 216
363 440
212 94
255 48
138 493
384 278
484 146
97 423
208 138
191 411
79 415
192 366
420 396
188 325
356 465
468 254
300 152
493 267
108 248
406 224
342 246
116 2
185 97
202 276
71 301
446 344
156 167
86 197
374 422
29 359
481 379
61 301
8 417
228 482
33 260
208 144
159 299
303 200
171 348
123 317
11 246
288 454
211 275
273 159
40 167
122 450
252 427
311 413
77 46
472 32
143 194
377 293
401 0
102 419
171 17
233 457
431 272
179 259
424 37
280 42
322 259
148 394
10 175
66 98
351 359
80 486
48 495
417 19
88 381
87 136
468 125
227 143
187 150
15 423
477 24
434 302
93 206
304 155
171 42
485 493
0 10
423 471
409 208
444 20
361 63
68 367
200 26
56 385
393 320
46 154
309 312
390 110
275 208
201 413
346 251
468 356
436 485
186 126
113 75
496 298
279 116
181 146
41 398
405 147
119 327
434 490
360 225
18 483
495 221
91 32
493 187
412 119
329 490
206 219
311 116
419 448
243 201
314 302
428 219
108 137
148 245
243 295
41 74
424 438
292 306
362 128
408 11
185 302
446 229
85 37
368 176
202 129
104 426
320 157
185 61
15 132
304 104
411 306
326 257
297 473
286 186
359 216
389 499
160 482
98 8
142 379
383 470
88 479
244 212
419 405
271 260
132 379
496 311
114 280
466 315
368 13
157 89
180 227
88 333
127 152
168 225
127 192
120 88
180 449
4 391
445 259
415 261
48 115
192 284
454 394
157 444
46 160
476 34
286 277
469 402
256 299
323 456
427 464
319 318
329 83
294 426
84 120
499 374
377 451
180 427
218 441
163 143
474 176
72 13
276 433
13 243
254 169
297 35
226 415
59 288
280 445
415 421
263 408
91 385
382 172
378 305
373 169
374 195
439 213
119 176
280 314
308 387
380 11
23 454
27 487
189 108
195 262
40 73
462 104
400 266
77 359
481 405
126 490
208 135
315 447
347 329
212 151
14 186
178 252
82 235
300 379
207 56
289 109
238 209
483 208
282 61
355 332
43 128
470 232
93 442
389 140
198 178
306 359
38 311
391 388
131 245
403 446
154 371
337 164
74 281
105 241
15 14
36 241
371 311
463 470
251 88
61 380
155 114
69 385
10 61
107 114
48 413
163 223
413 428
388 76
3 5
376 337
58 221
305 226
487 142
363 243
267 193
439 6
36 119
253 153
347 28
328 468
228 240
244 161
68 359
124 55
95 65
95 410
23 438
24 337
366 319
267 28
358 240
304 138
361 48
437 393
82 265
102 431
456 100
415 17
468 387
185 339
204 325
183 453
130 124
468 416
134 2
347 252
257 493
46 180
288 248
202 88
442 52
421 137
368 289
445 200
399 172
340 126
235 245
377 28
415 346
262 169
94 391
423 457
158 189
19 307
456 325
487 40
133 439
410 260
315 48
112 321
287 295
318 162
87 246
187 55
412 126
92 107
1 221
430 33
456 205
295 87
324 111
433 492
101 278
130 51
364 387
53 407
439 124
186 318
82 258
263 176
144 155
486 67
262 133
83 471
264 288
174 180
296 145
415 263
131 495
62 379
16 116
144 305
392 490
80 153
28 499
229 97
39 163
199 465
484 7
297 391
375 64
299 130
78 492
304 494
66 461
89 370
435 193
374 362
42 52
281 391
335 244
435 171
479 235
115 405
337 179
455 277
221 265
68 241
445 297
80 9
144 342
247 185
39 469
419 65
47 69
406 110
428 19
227 383
454 325
1 68
345 386
209 146
412 376
192 46
418 151
303 233
52 24
355 266
168 173
36 196
212 339
55 104
177 290
269 481
164 332
203 123
499 43
305 466
132 426
194 471
46 60
172 188
412 357
433 158
53 408
184 143
309 389
27 11
474 129
432 460
4 289
12 421
468 196
317 118
175 95
159 207
130 22
244 89
456 186
104 452
206 3
386 91
170 463
489 40
361 495
119 453
168 135
152 393
122 130
378 180
177 29
353 282
467 63
395 25
451 283
197 156
11 405
477 403
446 252
196 378
313 147
445 342
312 420
110 466
265 362
478 274
426 321
139 164
496 482
166 463
11 210
41 253
250 195
274 349
343 416
127 88
105 282
357 430
435 133
280 317
401 298
378 115
357 325
300 8
295 197
231 22
25 50
286 280
89 454
46 91
45 458
464 368
3 360
492 61
56 86
455 74
52 9
32 258
223 70
91 386
360 403
67 265
92 411
187 70
439 250
496 308
341 125
291 393
238 153
308 292
206 496
455 360
325 499
155 446
11 436
205 94
273 345
446 244
116 150
391 261
154 459
383 310
129 470
130 117
288 120
420 433
188 71
397 433
202 354
138 118
321 277
127 318
359 255
189 186
239 29
214 173
198 352
359 284
250 95
347 351
202 237
68 158
463 96
0 223
283 458
211 335
187 7
443 14
43 7
306 398
455 311
186 329
115 390
175 356
119 307
114 56
46 274
42 185
54 412
274 2
414 106
415 257
190 247
349 64
111 403
458 81
420 314
166 391
68 366
458 99
104 295
90 289
309 364
223 48
343 353
234 384
177 326
46 22
353 314
126 80
262 45
275 267
152 114
278 45
424 406
101 469
406 164
300 324
357 112
60 460
353 46
80 63
347 397
314 400
392 389
361 352
497 234
166 91
189 240
108 23
255 88
416 1
257 115
158 118
410 245
159 265
161 245
331 172
225 434
28 209
473 399
59 60
295 440
118 108
188 455
408 411
436 96
257 106
418 361
282 111
46 418
104 187
181 33
120 251
414 276
56 291
354 111
381 18
277 71
234 296
481 199
488 291
135 166
250 199
34 495
104 108
396 269
54 407
449 443
358 384
106 98
409 423
234 179
57 239
56 106
136 435
272 140
264 249
451 487
222 312
118 26
203 470
381 196
296 177
175 8
86 156
165 427
141 139
483 182
324 323
327 241
200 348
44 404
326 242
345 22
391 144
192 119
188 219
391 448
109 447
285 147
245 414
386 97
353 18
415 45
486 140
48 57
140 499
108 264
454 80
363 42
8 484
438 249
474 99
271 397
343 40
98 153
89 254
338 361
347 254
28 41
155 228
259 4
235 193
331 178
417 262
25 130
225 282
110 327
379 369
410 442
355 433
194 121
68 495
266 309
418 132
157 166
390 277
144 232
464 408
467 152
498 359
64 317
252 423
489 437
298 248
239 483
178 153
173 314
340 10
47 159
377 160
279 107
451 313
192 482
316 251
480 273
13 422
98 24
39 0
462 349
220 139
43 8
179 454
326 103
340 17
263 44
227 126
345 55
12 325
186 302
43 317
376 330
121 382
439 323
282 216
331 191
375 245
165 52
184 259
279 4
16 256
20 430
130 44
149 242
119 152
295 439
264 218
158 235
92 180
14 198
24 111
415 134
113 342
8 356
335 450
447 454
189 473
335 298
218 395
446 308
16 225
496 24
110 474
270 204
470 354
452 400
151 233
103 226
97 183
379 238
379 310
363 332
131 82
283 436
380 119
333 172
22 79
167 210
367 469
43 337
323 198
350 135
459 199
330 167
20 369
132 394
61 140
267 303
279 187
387 465
191 473
394 212
474 362
291 187
229 462
295 334
31 20
123 368
55 51
59 53
381 495
457 227
167 406
272 322
159 249
198 361
218 7
157 229
128 458
133 92
336 76
33 109
356 405
363 429
116 15
363 95
395 181
183 484
173 432
186 343
371 496
226 445
499 342
225 64
390 34
247 241
59 169
433 120
308 319
149 448
11 115
217 114
285 147
404 320
150 172
386 345
125 173
84 127
159 81
490 69
210 318
335 369
195 141
103 417
295 173
212 209
38 466
272 306
289 145
362 19
407 404
481 309
65 315
88 34
68 22
411 238
153 108
79 7
407 451
427 179
113 418
420 364
227 364
82 272
390 18
262 183
290 228
67 93
367 153
300 303
21 460
16 271
145 440
423 1
426 313
139 471
137 35
414 254
180 298
284 384
294 219
405 222
46 301
95 250
304 462
336 160
98 211
215 258
233 464
491 77
460 194
85 59
328 87
136 312
93 212
285 54
281 93
214 236
401 355
251 490
409 308
246 133
493 372
418 121
77 295
315 86
32 210
35 1
92 66
321 245
32 492
206 42
479 81
225 28
77 169
393 171
111 17
402 465
301 499
143 268
391 368
474 283
181 380
270 340
232 48
182 357
105 457
445 131
426 493
113 480
312 432
262 105
204 164
413 60
370 448
360 478
144 232
461 128
360 3
21 194
446 39
188 473
56 136
399 261
418 312
80 481
24 304
484 458
430 251
90 365
347 469
117 380
265 451
150 238
404 325
43 92
379 269
55 421
267 285
130 409
407 449
251 429
105 316
210 377
268 219
285 412
102 398
447 401
248 163
117 409
173 374
411 55
83 329
147 205
158 88
85 403
291 392
256 389
268 27
432 156
120 269
92 274
489 22
187 410
17 228
349 294
45 40
172 211
125 128
378 299
292 493
428 24
202 57
141 95
102 375
29 486
225 198
132 446
106 419
12 167
130 370
173 116
126 248
196 308
7 430
373 297
389 131
131 148
235 453
358 126
397 401
185 13
493 258
111 470
47 170
303 172
68 378
279 366
299 96
376 435
369 107
256 294
438 402
316 55
314 341
477 263
234 384
259 7
71 62
287 18
222 444
396 322
397 384
171 38
174 210
425 260
127 365
380 481
78 348
142 155
340 273
295 301
16 369
491 495
414 397
320 184
279 28
294 478
467 292
239 218
427 100
496 142
377 384
88 347
364 186
19 13
382 107
103 395
101 132
112 440
16 87
114 145
391 461
162 4
183 38
55 88
422 452
307 83
155 327
216 422
432 486
341 80
132 472
85 63
135 268
325 172
238 34
283 86
173 224
374 222
432 106
359 14
219 159
247 486
331 120
15 445
215 364
115 132
385 217
429 346
470 326
372 416
155 255
115 415
328 411
68 29
198 17
12 75
45 216
190 131
202 383
415 372
281 142
316 173
89 351
233 189
271 248
218 263
441 235
324 31
483 372
212 91
187 123
11 110
271 319
126 361
492 384
362 358
344 206
299 398
26 226
337 85
151 423
7 33
243 4
373 155
474 404
448 142
161 42
60 241
126 29
293 75
67 90
143 55
273 33
378 83
303 396
427 72
275 430
79 391
403 19
239 331
208 461
19 1
372 96
293 478
176 286
382 330
10 102
478 359
58 444
412 289
123 155
432 103
138 407
261 300
251 74
430 42
1 251
455 359
136 20
398 303
145 149
25 117
123 365
45 247
388 167
427 286
493 366
316 181
254 108
103 152
57 432
381 451
494 110
481 306
298 356
378 334
363 138
85 95
93 232
291 306
126 275
136 216
52 177
29 93
69 60
447 364
38 407
450 8
62 310
314 452
383 424
13 58
429 442
353 294
11 94
110 243
304 456
319 306
312 328
140 238
383 48
138 319
477 35
134 441
65 388
430 234
72 212
147 268
27 143
256 421
26 113
476 479
125 161
40 452
485 325
375 38
478 333
348 316
335 178
251 435
31 10
346 495
323 396
189 336
266 189
456 153
329 244
318 332
347 77
213 353
46 222
373 257
488 295
450 383
148 261
109 244
310 156
388 429
317 129
119 453
336 343
134 148
13 453
110 477
217 67
426 136
272 423
51 5
205 285
204 102
457 353
69 394
186 50
105 395
256 401
113 375
282 64
233 257
404 297
136 152
413 224
159 205
307 225
94 487
400 459
431 120
47 289
448 146
465 352
99 309
333 193
251 231
295 177
68 5
95 472
299 322
111 111
172 322
114 86
123 467
440 415
149 2
82 235
347 426
295 245
480 495
289 218
240 120
233 86
226 103
222 170
272 339
344 256
342 373
175 223
405 60
293 338
310 130
104 326
475 261
465 94
163 469
71 313
394 195
126 370
201 457
433 1
51 398
455 131
251 248
48 292
159 129
152 352
286 3
290 262
272 359
32 496
250 423
37 224
111 328
248 269
247 34
101 386
9 113
216 313
255 397
36 6
236 182
151 265
466 420
146 114
272 264
100 472
5 287
482 489
5 168
172 312
201 280
135 437
396 331
356 446
337 280
312 116
96 282
440 341
314 5
259 144
355 308
328 21
208 37
250 344
458 181
233 316
124 177
434 286
498 267
331 323
58 230
234 170
61 381
92 323
13 322
208 411
498 102
114 187
436 291
35 436
248 414
22 408
435 173
473 322
112 392
305 154
260 387
322 326
271 408
156 391
276 444
303 85
41 415
457 224
320 416
374 284
261 104
430 312
6 115
79 270
152 222
339 439
334 107
390 170
133 479
387 437
427 182
426 252
5 397
481 138
181 400
93 86
357 390
321 5
213 118
340 417
184 389
347 29
308 180
209 124
87 476
188 82
139 467
411 168
201 145
130 101
458 179
204 98
310 184
447 227
21 110
392 9
269 123
332 462
347 499
101 100
306 24
438 183
202 446
483 471
339 128
46 2
376 349
30 315
434 224
122 470
217 266
10 55
424 425
235 104
275 181
253 346
172 109
3 178
407 331
355 267
168 254
280 110
22 180
51 142
160 257
39 482
145 332
362 341
489 340
138 266
316 391
112 7
280 6
18 346
71 216
99 452
106 235
248 291
402 69
83 449
349 209
11 82
224 210
386 101
391 331
77 446
108 69
446 330
253 5
291 385
225 472
404 348
226 185
295 422
448 250
2 142
233 159
117 305
0 204
314 165
455 257
449 196
448 10
36 457
207 85
421 436
241 187
466 396
416 104
366 322
392 389
356 272
435 498
112 378
324 357
110 129
286 132
284 217
229 427
49 482
131 131
72 46
395 350
442 356
81 370
337 272
298 164
182 1
473 104
360 191
299 253
158 403
479 238
62 426
359 450
127 417
156 153
128 168
134 341
220 201
108 396
334 13
395 207
420 323
382 27
113 117
110 286
104 478
5 384
478 453
106 138
181 24
263 426
287 77
0 339
108 466
256 344
327 369
460 397
66 40
25 24
169 444
345 336
65 425
179 461
39 336
453 464
428 60
279 116
83 197
127 217
347 184
115 312
146 344
298 28
252 67
69 489
141 128
340 302
99 376
289 306
471 496
346 78
329 28
137 26
206 303
69 157
248 325
224 171
472 19
260 413
202 447
183 300
109 339
122 475
21 75
242 73
169 110
383 36
123 122
56 105
288 73
97 53
26 200
80 191
211 449
14 64
360 247
101 368
333 42
261 396
340 111
441 405
327 369
336 273
202 223
468 470
484 498
265 18
370 326
132 292
378 382
209 234
30 119
176 450
317 437
262 372
448 323
362 386
118 272
19 332
83 366
458 318
168 146
301 498
137 264
215 130
475 376
343 459
55 9
446 318
394 352
462 171
23 1
238 117
330 71
99 85
187 67
65 103
485 173
182 257
189 377
488 135
26 333
318 382
95 362
336 465
271 479
62 289
2 394
452 491
240 311
77 124
29 30
325 171
38 429
208 2
463 218
184 304
367 124
375 146
378 18
81 16
74 220
164 264
284 41
41 140
460 40
218 441
204 253
482 356
97 246
267 318
210 58
153 483
155 26
47 217
9 431
93 456
359 458
234 76
67 458
216 208
249 200
405 221
7 220
109 23
264 458
19 449
305 414
207 153
210 19
16 435
236 422
142 308
285 493
262 335
156 45
132 238
349 107
60 496
160 350
363 70
75 370
305 224
179 82
273 142
172 48
176 356
480 45
431 429
45 340
67 297
201 161
64 78
306 297
395 34
378 296
364 204
233 357
73 56
397 50
156 376
296 102
469 432
273 62
413 129
38 443
81 28
72 368
442 61
326 183
287 15
336 262
163 2
144 15
313 106
276 472
168 136
249 450
18 208
437 216
347 209
165 231
426 183
390 2
172 303
49 143
181 280
224 161
464 94
156 61
225 341
33 448
306 481
192 29
408 4
439 371
413 385
33 167
46 194
278 61
465 248
48 374
451 100
426 221
107 348
50 98
102 73
102 418
158 73
454 111
96 247
322 135
250 48
178 148
211 291
324 237
133 301
484 363
335 16
214 134
70 483
330 142
72 489
15 24
106 497
28 180
200 492
202 366
280 201
199 374
136 152
82 126
342 55
216 300
63 458
496 442
480 490
386 482
114 223
392 58
15 101
290 390
266 493
67 380
118 346
286 372
305 223
146 260
196 348
98 41
411 70
40 249
326 160
408 343
62 444
217 321
252 137
351 175
90 250
133 312
141 474
260 167
343 489
134 38
383 5
106 88
7 248
304 488
269 395
389 212
441 143
299 216
409 175
483 496
60 190
277 118
27 272
428 278
16 116
152 477
306 70
238 191
71 40
101 194
478 426
30 279
92 478
87 295
419 336
71 301
175 109
184 489
97 278
17 101
135 188
319 483
272 226
275 443
71 173
211 428
243 464
403 250
430 423
497 211
184 252
341 237
168 346
159 337
7 2
320 498
288 402
356 204
272 64
31 450
292 435
231 238
493 387
33 359
91 72
410 353
402 84
368 436
222 321
218 409
148 193
193 468
417 493
476 217
41 477
201 392
210 309
206 480
291 111
357 391
345 203
296 398
95 363
386 144
212 106
384 378
274 356
340 265
28 165
188 54
333 335
144 122
31 403
99 246
390 96
233 333
303 349
142 382
75 379
431 213
466 214
124 364
153 345
218 105
420 109
211 253
473 424
407 234
288 299
467 242
2 475
299 336
384 469
174 229
76 148
329 392
485 463
129 262
342 209
84 38
439 68
39 110
195 312
496 103
350 17
413 301
122 303
261 66
254 401
163 345
64 98
207 151
496 198
324 492
433 114
414 474
341 498
193 153
113 130
204 254
167 495
389 447
143 403
482 198
124 235
22 317
45 175
367 359
424 388
67 430
379 49
284 216
174 83
466 296
453 312
150 257
281 378
209 387
331 65
130 199
378 488
201 8
326 40
429 42
45 484
54 233
333 248
211 406
396 1
62 222
423 282
269 388
437 418
458 101
482 135
5 340
19 479
378 334
123 21
288 473
467 73
197 140
344 44
252 182
248 144
266 196
361 113
363 105
196 60
180 310
16 375
157 284
35 279
80 280
330 174
431 8
42 141
31 112
490 162
443 304
476 475
146 14
283 218
453 153
173 133
361 296
222 285
435 443
323 433
436 367
398 450
325 305
94 490
303 322
18 338
416 347
418 212
291 18
251 353
408 214
216 350
220 489
72 302
308 195
285 17
417 37
396 132
348 80
344 75
490 152
42 422
366 335
103 328
146 258
114 404
55 209
390 39
326 123
390 147
211 242
45 119
474 246
391 433
424 342
388 325
265 126
214 80
126 410
305 431
408 312
466 429
439 278
45 168
426 249
285 215
374 181
361 167
448 418
166 225
454 300
336 100
57 349
494 90
270 427
108 218
463 457
323 459
112 393
287 298
419 37
268 105
488 445
201 165
232 321
467 418
133 109
366 162
227 154
474 135
52 295
244 368
249 224
77 446
178 13
125 57
28 1
390 362
235 380
201 404
432 368
175 29
36 431
444 359
367 41
263 2
139 153
296 473
297 487
397 437
306 256
446 82
18 121
129 148
411 166
255 290
445 454
418 120
92 320
267 327
485 262
395 445
339 276
380 93
9 353
107 156
122 272
445 458
218 390
498 123
259 457
424 446
416 387
159 449
232 237
321 219
130 10
260 53
493 139
370 389
119 204
415 422
52 34
242 295
369 159
413 112
211 322
90 38
1 189
363 477
51 101
114 254
425 231
401 59
3 381
305 445
27 478
364 382
97 241
390 78
281 348
272 45
293 398
290 469
369 337
458 384
28 450
367 393
196 128
55 217
499 208
481 176
343 255
181 166
457 177
204 162
445 325
404 118
338 372
267 253
68 298
33 226
269 443
322 235
497 92
177 113
465 317
489 434
232 157
499 215
316 365
41 104
164 245
466 71
66 438
42 151
165 329
88 101
421 120
453 192
153 216
431 56
411 47
197 347
481 193
441 81
459 16
406 108
426 436
226 430
221 145
355 420
52 391
441 267
259 230
181 428
165 85
485 382
76 74
112 265
213 45
28 477
420 192
382 443
191 257
407 450
215 353
290 42
407 141
239 430
176 117
310 378
177 174
477 353
126 478
33 32
440 495
434 26
310 167
143 295
326 444
371 11
346 167
142 373
16 38
107 323
311 124
29 390
236 107
480 314
222 368
257 431
222 221
35 339
199 163
408 368
433 376
223 118
9 202
226 33
478 466
109 109
486 355
364 456
211 255
139 234
82 385
189 370
273 301
423 268
453 338
11 135
10 284
427 453
324 452
410 327
122 267
397 242
383 183
247 424
10 261
192 107
301 397
248 334
236 234
84 157
437 117
198 465
487 356
191 332
392 248
91 417
354 241
306 299
299 90
86 374
406 351
175 186
366 36
158 359
435 97
433 235
140 290
341 348
117 256
27 293
75 293
324 193
157 190
141 81
71 294
363 25
293 172
87 141
389 145
387 400
313 55
325 9
161 43
326 88
183 291
131 28
116 177
100 50
348 465
98 76
403 260
70 455
310 67
58 235
466 410
86 388
54 80
413 169
342 28
175 319
415 12
359 310
163 378
446 174
110 465
336 341
324 12
87 134
258 119
191 264
407 320
157 87
258 386
295 183
271 183
103 253
320 119
282 9
262 400
442 398
31 428
465 280
24 450
430 222
14 298
274 194
171 319
186 448
380 219
160 371
234 403
104 437
400 461
92 250
71 157
473 257
368 300
200 31
435 207
487 284
176 488
374 268
194 430
275 38
129 1
330 191
159 177
326 232
440 353
496 202
487 360
215 136
361 429
256 295
308 484
306 157
216 310
7 107
180 74
338 114
75 479
159 331
127 462
468 241
254 417
44 46
318 20
234 472
446 338
20 92
101 126
253 103
395 131
447 103
334 425
346 487
163 249
182 14
120 120
147 437
53 446
429 208
412 35
297 48
276 335
340 331
153 341
392 377
169 365
85 107
58 487
150 304
332 119
187 60
132 430
30 307
376 326
448 285
1 63
48 395
445 315
48 227
215 380
112 205
76 307
186 409
190 302
360 317
78 114
29 492
197 190
98 207
155 236
23 315
342 346
138 425
416 389
357 190
138 425
375 411
115 73
372 355
336 309
358 402
184 136
418 65
428 101
494 45
317 249
188 54
123 410
99 38
486 391
36 467
4 497
441 144
328 46
125 214
439 441
267 298
288 347
268 458
230 400
247 359
161 460
136 97
46 495
262 130
87 67
49 490
472 124
431 401
257 84
219 449
302 245
270 285
225 238
118 305
160 39
98 396
418 423
78 160
477 79
499 150
425 389
401 473
4 361
379 384
9 24
335 56
404 34
348 208
182 71
298 276
232 283
10 33
294 164
176 59
226 74
152 227
167 181
458 220
309 136
313 62
248 299
319 393
14 12
64 334
129 141
188 341
273 229
456 441
118 78
327 354
382 494
6 448
62 148
133 178
35 436
249 176
215 36
333 246
66 151
191 250
107 487
398 18
438 180
84 67
415 377
164 365
89 49
300 283
298 286
377 166
470 379
224 441
12 326
282 119
305 68
57 187
6 170
165 370
424 35
93 205
187 202
494 96
289 408
224 490
387 265
149 305
189 146
95 186
11 430
279 158
361 191
84 68
72 300
261 95
395 261
476 274
283 263
14 170
175 61
367 424
448 329
243 271
456 432
56 303
236 418
357 151
312 310
249 471
460 223
324 287
106 349
17 379
187 461
361 57
320 370
229 53
435 166
239 400
300 186
26 39
244 31
22 321
57 47
231 461
384 102
261 135
407 379
79 239
225 90
59 98
213 195
419 415
499 181
232 1
75 241
295 83
38 272
443 299
75 11
341 475
325 79
127 135
260 256
148 55
249 481
250 48
40 380
37 37
260 184
161 342
118 432
497 301
136 4
68 157
80 105
29 64
89 94
165 266
303 173
411 92
269 124
490 279
154 434
389 337
2 115
3 477
351 70
494 64
225 380
462 148
310 498
428 312
73 17
11 170
142 188
285 178
136 119
199 415
320 143
37 169
120 301
197 269
462 494
321 424
436 443
445 147
232 122
2 473
443 322
325 248
424 499
160 131
19 286
264 361
4 337
319 447
264 262
187 419
206 450
80 389
73 318
423 413
479 257
242 164
15 192
46 23
458 19
309 158
431 243
455 376
172 315
478 341
486 224
65 456
450 343
102 332
7 179
159 397
452 43
308 256
53 175
231 255
483 257
266 308
186 183
456 244
310 172
499 61
36 150
380 419
240 414
71 141
398 146
394 100
108 33
289 82
204 6
301 188
426 497
324 176
13 19
465 76
345 415
163 448
119 333
72 388
317 58
411 443
264 321
61 357
48 213
239 416
56 168
298 46
116 64
497 393
110 47
478 308
22 443
57 128
200 215
136 39
461 372
315 398
119 243
420 311
425 85
166 202
335 2
452 434
405 442
342 121
351 499
71 403
104 27
276 389
403 132
299 263
421 67
228 63
9 242
475 358
126 175
344 222
186 195
386 199
287 298
82 426
126 428
400 13
385 140
417 98
3 294
122 422
430 146
470 463
69 333
265 287
82 247
270 406
459 63
34 386
196 84
161 178
253 221
26 166
134 126
219 369
36 393
312 299
116 20
301 154
182 439
337 68
23 486
91 274
15 392
239 402
105 145
358 302
79 171
121 192
161 256
149 488
207 156
6 254
271 31
175 216
164 406
317 406
339 302
458 328
338 315
32 322
284 225
209 406
414 499
458 14
225 294
270 439
9 203
378 447
120 349
28 80
334 106
240 447
342 86
55 355
219 360
359 388
106 134
359 377
377 420
336 328
164 193
103 443
295 166
135 174
101 362
156 217
121 203
146 493
234 299
50 246
286 374
89 311
282 61
281 128
24 383
401 445
118 75
291 97
24 134
396 431
449 311
284 469
41 94
139 325
429 312
412 51
413 497
231 277
456 142
433 96
213 87
75 44
321 153
161 64
137 178
14 141
70 253
298 239
90 139
63 351
84 199
144 458
464 2
425 384
299 133
315 69
219 97
344 346
345 352
498 105
86 347
104 240
209 289
91 59
148 124
10 466
194 168
327 143
87 210
357 10
193 164
481 101
117 400
322 53
107 370
124 71
429 73
42 73
302 192
241 332
202 156
6 43
315 205
449 434
241 74
279 486
257 194
194 243
350 223
387 446
498 362
20 478
354 82
224 78
221 484
368 151
5 400
343 214
437 460
235 213
189 10
253 88
459 441
82 135
352 133
257 192
439 181
75 256
437 280
366 417
68 341
101 398
269 125
442 365
25 154
409 23
331 393
130 383
102 127
23 386
212 209
232 243
388 480
104 440
139 426
15 280
377 372
177 226
16 271
368 138
492 352
459 191
483 382
276 475
27 309
232 372
350 242
313 450
386 450
392 59
333 462
326 464
213 25
184 303
421 302
58 292
133 91
28 317
466 352
483 169
487 457
324 275
354 186
151 131
241 202
113 1
199 49
178 333
94 190
178 248
256 185
463 414
80 129
126 277
464 147
159 414
183 477
217 392
10 482
204 466
156 42
383 487
170 98
351 242
98 273
286 247
205 308
294 148
111 349
462 367
479 306
439 294
411 334
8 106
208 397
86 35
368 145
75 443
290 94
170 467
177 92
203 244
380 329
143 388
108 52
34 249
467 268
75 284
497 471
342 376
217 99
458 448
408 138
339 237
263 61
78 281
17 173
380 213
106 276
472 248
140 423
98 93
457 88
194 375
202 492
342 420
299 15
345 482
233 374
270 258
220 124
493 494
207 216
31 98
245 212
462 428
266 95
24 81
398 102
302 265
208 324
322 178
176 404
484 468
147 121
275 434
328 60
257 468
483 386
175 79
71 293
30 55
383 181
164 320
87 411
253 95
204 84
309 318
256 405
155 213
283 46
371 5
178 161
55 382
422 146
379 334
298 361
83 63
332 73
245 416
10 337
437 336
404 162
430 67
270 183
330 425
112 448
483 276
479 388
86 261
130 486
427 215
402 379
349 34
248 266
156 397
352 105
54 227
15 233
279 283
363 65
174 204
268 265
54 89
396 108
305 346
243 114
43 13
36 307
27 156
261 284
301 218
452 199
10 443
255 440
54 232
125 322
427 19
372 135
107 90
154 280
181 98
199 103
65 403
417 409
493 385
343 203
339 84
415 60
497 471
19 352
269 213
168 87
280 128
27 52
31 270
166 270
280 185
158 268
26 495
44 486
180 337
17 364
154 304
429 423
138 443
107 431
129 283
119 416
85 151
307 441
366 123
336 319
325 262
33 321
42 377
127 256
326 20
231 464
315 212
99 153
20 441
220 310
454 352
4 96
120 288
219 84
30 422
245 470
448 164
213 136
29 104
314 166
338 451
368 447
49 296
118 254
470 204
155 459
310 413
201 387
12 387
26 51
164 111
479 287
278 263
152 143
391 35
57 239
156 184
449 289
68 108
34 259
448 267
435 268
107 86
129 304
469 138
348 428
148 272
180 104
150 182
339 237
446 433
218 9
294 47
440 316
69 496
20 96
431 276
49 195
385 403
158 2
402 473
59 372
95 310
6 53
66 191
185 372
373 227
386 299
65 429
396 414
120 431
255 271
90 114
492 467
7 478
37 278
182 122
67 9
204 10
127 434
322 221
233 415
237 446
329 336
437 365
113 187
340 450
320 10
285 79
90 209
292 388
173 394
383 91
10 479
413 393
116 290
242 265
296 13
218 343
31 167
73 303
321 75
125 391
207 283
30 126
108 313
158 34
98 334
188 129
445 25
64 103
198 429
186 220
403 16
493 118
442 232
457 253
68 54
352 474
299 254
15 438
271 353
16 48
443 61
355 8
273 41
149 343
313 402
295 201
18 113
60 105
164 152
442 458
498 205
410 365
414 124
263 8
162 464
143 9
414 350
428 35
61 17
287 281
108 420
146 84
356 223
181 218
116 383
415 99
74 29
139 206
374 316
331 254
484 241
195 443
457 460
5 498
262 243
208 2
232 448
420 142
168 336
380 42
329 251
245 441
416 271
276 484
181 286
296 156
243 242
267 399
151 3
19 15
43 300
215 428
51 254
444 27
57 281
31 83
270 126
139 163
115 25
442 179
378 143
135 431
180 91
239 382
63 63
273 455
39 305
189 226
234 179
252 29
457 41
287 50
154 446
145 222
342 416
89 156
35 290
7 273
7 304
287 78
407 178
207 203
141 487
405 58
53 221
343 139
478 41
15 453
104 237
219 217
245 408
173 473
73 305
209 105
270 452
299 497
424 121
364 302
103 232
152 356
209 50
327 437
49 424
469 0
39 178
354 222
490 3
468 4
259 62
228 340
388 281
281 130
338 142
352 384
18 23
34 453
147 166
180 138
253 244
431 270
82 205
394 264
292 457
124 342
81 192
305 106
182 353
383 456
427 97
395 163
214 443
179 45
28 137
15 325
45 190
132 242
354 236
465 291
279 11
271 301
250 100
297 339
286 331
20 191
148 49
259 12
157 126
169 380
69 312
399 462
434 487
130 133
194 230
489 45
420 224
159 431
449 409
387 16
325 76
111 57
32 405
170 338
36 7
25 329
79 257
223 320
496 430
265 171
242 79
434 150
371 432
358 465
216 151
369 311
485 81
92 420
84 408
203 361
4 461
195 82
252 187
322 419
327 432
35 36
63 41
474 9
114 377
345 286
269 38
288 131
338 275
188 192
339 250
24 26
367 454
330 108
205 372
138 382
392 28
430 190
157 376
284 413
389 114
204 40
343 389
363 227
181 474
105 44
477 159
306 75
405 289
128 369
172 68
194 265
409 128
452 310
401 403
157 225
264 66
3 70
30 328
19 402
280 3
207 36
407 153
281 108
398 423
137 1
138 402
115 68
396 479
452 146
469 262
266 100
51 156
115 168
97 194
418 384
157 121
33 414
265 200
213 101
463 320
402 160
246 254
153 245
91 107
474 469
268 19
459 256
216 218
337 266
379 394
286 417
167 459
38 88
320 96
338 72
145 138
65 306
431 228
278 432
52 398
293 327
258 52
316 5
6 4
134 42
102 320
335 495
480 228
180 241
21 449
280 419
59 83
306 495
263 249
255 261
312 10
203 252
100 300
138 416
205 437
209 292
159 291
473 86
214 162
496 273
405 474
160 5
290 214
72 441
183 5
306 298
188 312
353 460
192 117
45 20
411 499
276 85
96 314
337 104
106 446
215 350
45 347
167 472
498 33
44 489
393 370
379 91
119 11
249 386
116 340
373 171
254 219
182 158
350 60
96 171
80 283
354 197
321 294
464 86
160 481
126 183
66 94
335 215
261 264
232 279
407 160
69 40
264 21
387 200
290 72
340 115
33 54
73 159
209 101
249 222
405 2
309 428
263 285
336 496
277 76
258 442
262 261
53 273
308 82
306 247
267 348
429 343
254 226
124 7
81 269
160 381
477 175
361 77
309 230
442 78
360 317
238 485
194 130
210 420
473 50
40 341
244 104
436 273
146 438
246 432
320 222
299 344
366 316
228 91
171 476
49 452
260 444
484 271
440 322
41 16
162 42
445 3
186 233
375 35
290 420
401 88
97 380
467 130
258 367
261 246
439 80
65 209
355 406
390 221
201 334
206 66
413 211
237 51
177 19
394 382
315 282
394 486
485 212
382 390
172 273
415 456
154 141
77 264
487 454
368 88
369 191
421 284
65 91
402 23
78 158
139 394
415 232
483 491
179 32
167 102
255 313
279 396
314 120
118 434
145 305
306 401
354 479
300 484
9 126
289 253
150 458
208 112
141 345
285 70
137 195
93 219
464 84
184 367
467 82
182 499
173 265
318 353
435 492
178 193
53 288
300 436
51 156
341 388
492 222
352 370
271 43
295 219
497 485
400 399
341 318
194 487
379 15
75 118
176 137
14 308
220 106
259 338
349 369
414 26
367 385
28 59
351 402
433 356
418 163
368 22
477 187
151 301
391 488
71 409
459 67
287 84
426 407
80 165
50 481
51 395
286 72
269 477
458 44
489 411
208 211
227 132
63 65
18 274
311 458
368 473
296 116
117 440
383 131
141 183
81 409
393 304
1 199
193 194
386 293
411 301
43 105
349 338
195 357
176 225
351 278
197 435
372 283
440 143
483 338
412 402
185 453
63 405
470 436
357 121
289 465
347 89
229 341
375 46
457 67
145 136
396 458
486 23
294 191
37 357
38 73
370 209
17 228
218 183
290 51
380 375
282 409
221 93
234 91
9 232
264 82
162 224
29 448
252 221
337 363
50 17
277 344
148 62
154 377
332 324
174 138
10 254
140 391
77 196
121 113
377 429
212 498
284 7
401 361
62 267
470 162
88 463
160 389
416 298
335 236
453 93
333 492
154 348
471 327
181 370
464 290
40 305
473 177
240 276
104 316
156 199
478 50
384 329
91 338
131 405
78 1
46 409
319 99
395 385
297 382
4 211
352 344
338 407
357 326
355 464
223 350
302 241
278 375
130 60
248 458
289 335
121 371
105 48
421 198
356 224
290 421
367 279
245 16
35 408
108 469
476 120
261 441
38 486
274 46
318 197
320 384
290 335
330 323
427 317
82 390
103 246
366 442
130 132
198 193
401 479
247 318
32 47
365 285
446 258
89 147
65 133
357 456
118 275
169 392
343 366
243 362
31 407
38 74
84 496
226 142
467 403
250 328
185 269
384 361
326 43
325 122
5 339
399 292
363 253
389 137
479 236
56 315
132 495
249 322
174 367
174 65
34 27
432 475
445 346
457 171
481 210
271 268
461 419
252 413
290 410
230 136
374 392
31 483
72 89
370 412
82 63
139 207
172 343
175 494
432 449
161 372
130 332
257 20
116 154
231 442
261 151
246 360
102 48
499 110
433 22
150 340
297 81
368 228
68 248
17 60
139 425
187 301
409 123
49 447
280 127
270 223
239 473
48 172
346 395
9 51
365 123
268 390
75 471
442 469
155 174
361 393
114 68
145 41
254 355
469 298
424 278
152 398
338 154
280 51
461 332
356 352
291 490
268 249
467 120
318 348
387 323
468 433
228 320
92 194
410 405
301 199
349 79
314 42
269 307
425 314
337 225
1 311
188 338
362 256
18 35
295 359
412 176
381 109
89 393
254 423
234 59
218 491
345 494
458 307
374 448
406 433
193 368
456 383
322 289
166 99
239 293
371 286
101 365
423 12
139 379
184 265
299 108
428 7
274 258
389 278
458 388
114 168
3 200
222 439
147 243
407 191
220 417
233 295
108 122
80 54
197 221
474 37
400 375
279 378
366 271
287 411
233 321
22 221
468 492
382 480
3 173
115 4
493 213
140 75
498 380
384 47
184 108
382 274
45 391
94 79
376 182
22 319
448 239
44 75
66 419
161 96
397 325
288 290
323 321
378 276
117 134
327 221
414 357
136 405
106 92
298 448
212 236
98 238
178 53
349 296
379 475
448 235
375 115
366 399
124 35
321 6
17 255
151 52
31 203
230 270
12 401
111 275
334 183
471 85
423 142
5 242
489 218
369 452
114 311
136 483
80 69
15 111
443 346
181 223
464 20
412 22
187 202
107 440
92 319
3 492
120 114
402 40
380 4
398 247
96 107
280 67
405 369
54 309
290 177
154 220
293 58
141 448
326 283
202 481
91 326
100 25
436 384
198 115
150 9
135 204
66 401
483 373
89 0
263 260
29 13
352 221
58 343
186 0
341 200
102 237
335 242
232 84
172 71
483 257
77 57
48 65
171 349
388 490
59 368
328 313
498 42
194 387
190 225
414 184
138 324
425 40
435 446
71 196
242 227
499 111
380 126
284 346
72 485
62 273
201 86
136 139
10 347
436 226
142 118
349 472
485 217
261 200
381 483
454 34
82 237
376 22
103 343
350 198
337 1
297 197
416 153
267 465
75 471
6 347
465 266
119 332
136 239
220 213
499 286
184 283
480 401
358 466
376 463
72 39
325 178
487 378
67 56
251 336
317 392
110 309
22 168
209 434
240 76
122 147
230 409
393 141
254 273
238 454
231 459
266 245
153 476
463 213
213 256
292 78
105 404
24 173
378 435
125 74
221 444
415 84
216 261
22 468
335 347
445 226
58 5
61 356
490 363
30 203
166 212
95 279
219 243
34 77
17 277
220 264
97 276
478 113
460 119
312 29
363 359
97 457
315 424
264 230
242 66
286 281
263 142
304 403
194 152
49 324
375 250
313 427
1 377
317 130
482 189
402 482
300 26
390 483
261 151
162 357
242 120
292 327
441 47
25 30
146 179
320 119
12 127
55 469
190 314
48 373
277 470
394 165
185 22
431 393
356 323
7 285
265 329
246 445
51 213
187 313
190 206
488 213
474 438
335 411
174 256
481 13
49 384
235 285
110 385
285 54
237 368
263 484
293 223
173 401
87 16
191 247
484 103
205 496
70 412
392 109
208 466
478 305
389 7
381 156
22 112
213 270
323 220
284 224
126 131
48 32
55 171
98 94
117 46
140 39
226 331
359 209
322 6
282 201
150 207
258 336
159 340
371 171
399 446
255 68
222 176
72 4
335 137
462 193
371 126
271 9
351 327
358 444
202 262
215 308
133 296
134 386
428 178
36 374
183 485
324 289
473 146
460 457
346 16
311 0
470 487
291 310
236 460
194 60
244 437
103 390
314 121
410 249
238 419
252 22
335 222
245 438
282 87
4 0
205 390
383 303
399 356
310 487
239 251
101 472
422 27
422 218
95 443
76 418
319 316
119 199
215 407
348 146
242 337
159 300
180 84
226 139
403 6
98 442
380 321
351 251
299 13
326 79
102 345
185 113
365 303
92 57
275 441
89 408
305 268
374 20
188 449
138 164
291 104
214 143
267 210
275 299
156 339
22 203
274 140
257 251
269 410
449 331
53 62
302 350
218 26
486 362
7 273
173 199
222 62
209 484
324 357
388 132
178 45
489 102
484 81
429 136
166 239
95 68
174 492
37 7
102 435
482 203
24 426
281 419
117 230
83 270
231 219
169 478
103 219
177 192
260 421
430 427
400 26
472 353
425 265
70 426
440 45
127 113
392 163
100 484
38 88
350 384
428 282
262 429
194 297
335 276
135 228
161 195
30 1
209 116
258 280
469 405
311 426
231 461
299 110
486 496
14 402
229 382
113 234
165 473
213 10
132 499
457 352
456 209
1 264
378 235
81 123
84 210
428 383
194 494
437 26
277 93
367 390
361 127
499 215
153 83
427 371
435 260
150 127
348 270
327 72
164 282
84 309
429 488
358 5
414 376
154 338
237 491
442 474
141 430
189 127
484 268
51 41
230 428
312 355
150 219
331 247
136 277
495 93
295 458
111 219
268 384
255 290
78 103
398 206
460 415
276 217
295 107
65 275
312 119
449 391
73 136
141 245
302 71
260 321
331 190
318 286
457 362
481 53
26 492
67 101
111 428
319 161
161 26
170 137
432 46
424 475
190 177
29 407
55 455
124 394
240 256
367 271
227 466
342 8
397 145
400 317
317 466
135 277
245 70
446 339
300 111
361 195
313 224
323 56
354 489
93 457
9 64
284 343
186 23
156 230
182 406
133 412
186 373
50 163
135 67
320 216
67 258
71 202
289 188
251 89
390 74
360 317
182 488
301 477
419 347
364 6
353 448
288 92
462 46
45 1
141 360
496 124
121 14
119 435
271 461
228 386
17 28
431 400
1 290
230 432
354 339
130 74
327 375
455 288
423 219
143 392
154 341
443 360
82 257
178 4
340 223
105 220
483 237
81 478
356 109
192 202
99 166
476 35
229 262
270 50
54 76
459 418
84 206
33 387
181 47
7 420
326 203
106 244
444 457
494 493
93 430
148 297
398 499
268 355
224 350
19 123
195 396
230 62
159 177
431 449
245 12
5 153
308 308
103 372
358 229
182 393
410 345
315 76
488 47
106 124
103 85
357 435
257 84
254 327
16 329
496 26
445 177
295 307
458 6
287 226
12 452
422 320
217 130
187 16
392 108
346 189
57 229
255 65
326 493
300 320
155 262
351 235
100 219
175 25
410 45
418 173
85 401
8 138
247 382
221 261
485 23
438 401
400 105
239 98
50 438
165 43
184 33
440 378
169 361
377 388
71 250
322 175
86 385
229 195
33 22
314 106
395 239
224 162
184 425
418 445
491 469
379 458
124 440
301 221
97 235
122 397
339 408
303 112
308 327
52 161
11 30
389 357
278 446
192 317
118 173
492 30
75 12
272 165
193 164
272 95
136 439
496 367
17 449
407 75
438 401
247 121
364 468
84 446
128 286
107 354
319 63
456 485
192 278
306 280
87 350
425 396
22 490
85 498
468 365
272 323
474 490
81 402
497 468
106 432
104 483
170 262
299 182
21 29
96 199
383 311
303 242
201 318
76 307
442 356
245 209
395 98
250 430
457 74
472 280
107 293
305 113
291 193
169 164
226 408
218 248
13 164
185 141
333 315
86 424
467 223
218 109
406 305
307 94
384 145
422 395
197 439
278 312
356 363
77 2
151 22
278 19
363 38
162 490
68 483
372 382
114 374
460 350
285 24
81 9
362 298
334 155
446 207
255 48
376 228
456 202
415 322
117 327
227 87
142 283
452 33
250 491
391 128
366 477
408 213
403 173
371 375
462 23
278 396
183 11
232 188
127 176
291 347
478 27
132 91
116 446
497 158
459 486
88 433
42 396
244 334
25 172
368 238
10 34
182 217
403 376
153 408
393 6
126 401
252 475
421 202
323 199
348 44
148 58
465 295
359 477
401 121
426 410
475 446
427 157
61 401
215 229
200 291
331 107
129 457
95 363
173 270
7 272
462 164
59 247
126 434
196 398
297 240
380 165
343 111
21 219
114 294
65 152
461 412
110 376
155 262
340 494
372 262
391 364
259 364
63 492
202 244
394 494
227 17
455 275
404 406
465 480
190 61
96 428
148 402
493 421
237 108
157 272
233 466
459 352
423 64
226 405
53 305
136 235
331 391
327 395
248 10
181 148
440 358
6 329
421 391
340 143
459 17
108 91
153 48
194 259
34 166
140 55
292 345
193 474
192 123
266 39
450 53
461 93
160 51
464 317
445 201
371 12
392 80
178 485
253 128
67 119
16 134
55 128
232 317
248 62
416 65
276 149
58 466
193 473
97 316
391 183
366 327
77 464
99 331
301 82
342 65
186 226
67 294
193 335
153 178
300 345
42 115
384 188
12 445
195 26
62 406
91 27
415 33
149 125
219 382
445 50
53 354
498 490
220 249
439 95
179 484
288 427
401 333
413 290
61 5
237 357
453 363
114 283
298 402
135 460
489 422
132 49
48 284
136 320
240 74
452 15
137 68
462 12
126 331
161 176
476 329
94 159
181 145
98 252
292 142
444 1
324 278
217 38
7 339
288 450
419 76
137 237
1 440
156 190
379 447
490 175
262 24
101 482
213 452
191 38
256 76
373 317
84 85
48 447
341 32
258 371
169 150
487 103
378 443
29 134
168 22
36 168
64 23
50 381
128 268
95 374
190 73
389 307
491 164
406 404
450 133
285 208
132 464
38 128
273 493
374 434
266 163
264 377
361 498
408 449
268 299
481 217
25 206
154 16
278 363
159 265
157 61
13 218
429 372
427 316
339 71
432 219
190 190
17 289
347 307
197 127
317 423
456 6
406 485
318 317
458 409
407 15
80 132
463 126
369 470
491 174
48 422
443 53
270 235
134 234
38 382
207 128
100 366
263 208
360 301
116 426
241 100
116 52
188 150
8 336
234 372
88 364
57 19
436 216
482 288
71 48
281 497
12 244
464 366
23 365
408 55
198 367
266 389
119 274
274 294
256 255
432 298
157 48
146 90
114 446
444 127
182 337
231 37
231 249
377 210
428 463
119 73
324 447
111 276
481 283
78 168
7 191
437 257
381 67
161 425
387 493
439 109
298 80
33 438
105 398
224 275
459 16
326 423
277 238
266 431
44 463
3 328
17 394
407 387
218 379
476 343
45 193
491 320
499 143
215 147
364 39
375 423
370 475
491 382
44 466
340 27
235 332
311 0
68 57
304 245
53 120
202 65
184 51
64 462
137 340
148 141
69 235
197 432
218 396
135 88
267 169
465 48
317 71
308 277
173 429
228 252
176 307
9 340
240 362
369 148
114 73
318 68
437 405
490 487
264 332
280 42
359 62
394 174
265 262
290 484
250 497
340 437
139 424
114 221
89 201
187 193
381 218
209 452
68 299
263 258
145 55
12 346
459 162
228 189
93 261
266 41
474 7
17 73
170 167
132 73
157 187
98 308
386 264
282 69
129 178
199 161
419 345
481 389
301 280
6 212
146 25
128 235
24 71
7 309
155 472
488 348
101 428
40 255
0 386
405 160
54 58
470 363
415 379
301 218
389 380
276 220
326 269
397 440
170 495
187 420
314 431
340 178
11 373
47 93
352 327
302 22
72 69
183 315
239 294
190 167
354 336
393 360
195 477
286 228
358 194
76 286
309 427
284 33
46 46
95 166
116 303
45 402
35 139
86 307
260 191
46 152
331 404
118 385
366 23
311 350
163 263
419 460
210 9
287 202
215 56
135 16
393 189
385 34
357 319
265 459
71 360
230 454
386 61
405 414
4 463
286 33
400 325
379 195
454 425
214 202
375 7
176 293
107 271
275 277
474 163
126 190
468 329
115 30
188 3
348 450
378 177
274 307
359 285
430 471
235 75
399 429
337 473
285 382
60 202
98 21
156 170
495 433
358 35
73 420
79 104
162 321
47 411
83 340
467 419
293 74
219 381
232 96
406 284
456 124
254 398
315 277
25 228
46 125
450 230
54 215
341 359
84 470
265 162
221 162
259 229
401 352
302 428
112 421
317 314
15 9
434 403
113 22
208 353
382 292
176 96
265 225
488 168
474 345
321 254
317 488
436 74
189 359
269 313
495 291
179 100
200 461
414 370
252 376
387 218
330 114
265 130
140 495
496 208
370 425
157 355
411 339
395 212
102 382
343 344
418 235
50 407
116 172
244 307
466 141
31 252
399 448
356 105
341 492
165 325
298 185
245 22
407 354
154 39
305 52
127 270
41 296
248 47
324 44
270 477
194 301
390 203
452 152
285 144
176 252
303 73
214 52
244 298
321 11
0 176
354 325
241 232
381 191
188 195
157 440
333 279
160 82
472 433
317 359
133 456
12 216
373 315
122 433
1 413
449 307
286 405
10 371
66 268
77 358
345 489
181 419
223 161
122 419
104 301
12 496
140 96
263 365
142 25
189 166
237 456
452 67
39 288
73 410
138 219
338 367
498 254
257 100
387 17
354 439
360 482
356 301
246 18
303 38
427 434
252 495
494 281
19 304
185 192
433 343
436 465
200 345
3 399
395 480
136 51
11 229
332 245
448 357
163 404
249 43
383 11
185 492
7 52
278 160
107 103
458 167
245 17
17 71
179 366
300 326
388 325
102 44
54 73
2 401
151 117
335 127
216 379
365 403
70 254
363 95
60 60
486 385
421 407
4 392
299 71
70 433
360 271
33 131
112 52
361 122
480 325
386 139
175 495
188 178
448 13
126 327
210 35
61 263
245 355
207 321
7 474
329 473
9 68
202 285
288 215
168 135
373 82
65 151
306 31
365 72
270 88
273 117
351 8
392 154
129 91
138 10
111 422
405 213
344 308
54 474
293 203
386 42
7 239
124 15
171 139
59 291
244 53
414 381
365 401
454 319
99 84
415 290
30 236
57 254
340 450
214 392
326 323
277 201
263 64
288 343
32 354
318 341
357 332
407 424
236 195
230 433
119 145
479 470
249 462
168 48
473 250
325 480
331 327
184 264
339 353
483 111
347 377
418 333
374 124
480 426
282 481
357 439
101 461
284 348
215 474
332 396
169 173
352 484
118 255
119 197
499 94
335 278
113 50
37 231
297 111
150 184
286 130
93 79
70 139
470 94
496 122
63 84
79 157
406 492
189 494
339 11
126 149
201 285
85 3
189 284
361 154
37 79
301 169
208 221
93 366
161 424
76 438
290 385
381 91
158 297
180 489
122 314
134 348
138 349
148 499
484 40
83 81
349 319
160 313
372 14
22 7
28 116
150 71
361 198
153 282
416 457
263 187
328 289
239 494
322 129
127 105
460 269
43 106
174 414
217 422
364 259
208 239
368 327
256 172
398 280
282 199
147 103
335 180
70 137
47 4
284 463
339 187
492 258
255 47
431 105
206 417
112 245
145 269
63 462
483 80
325 456
356 20
249 400
244 160
334 432
289 442
464 200
297 91
278 211
272 420
446 252
201 99
405 323
484 421
314 115
476 124
99 486
420 368
252 156
203 382
236 107
316 313
393 477
25 175
128 262
397 476
128 331
335 54
160 34
486 243
8 290
401 266
42 49
90 81
182 138
78 38
321 249
370 265
41 24
497 254
138 369
300 79
497 497
352 227
301 320
58 53
403 454
487 267
456 370
213 22
45 382
125 207
318 222
327 495
488 318
258 195
485 292
142 57
323 8
366 323
282 54
87 38
174 199
402 183
71 239
451 283
121 140
327 144
109 381
26 36
5 185
72 253
180 106
228 440
251 147
448 227
324 359
389 15
102 222
236 460
37 355
3 98
448 464
168 404
324 55
137 260
272 134
31 423
389 89
260 84
460 120
441 342
401 448
216 483
350 48
246 477
326 10
386 177
157 34
250 29
58 195
473 411
210 177
387 92
116 26
481 335
220 103
448 457
385 48
191 393
174 336
240 262
138 159
172 192
134 354
99 455
91 374
394 226
211 496
328 289
260 9
76 28
144 112
494 64
392 168
103 162
400 364
473 430
41 406
116 355
60 438
329 84
25 359
490 175
480 314
487 252
133 380
326 21
19 282
456 201
364 259
103 402
420 114
270 175
407 167
221 407
340 6
369 211
53 247
311 97
485 11
321 43
122 215
76 86
122 383
477 356
143 166
297 415
113 61
120 369
352 267
398 233
59 254
421 290
49 479
92 151
125 469
328 486
70 14
194 24
123 344
175 129
179 324
181 154
239 220
493 464
68 213
333 203
371 372
413 475
436 469
349 5
328 290
87 66
87 50
87 300
115 297
276 177
155 240
12 485
59 302
270 473
498 49
235 18
100 314
136 450
116 410
7 202
494 272
336 2
269 282
127 323
23 343
391 348
189 284
318 281
361 225
280 415
25 166
90 348
230 187
182 498
44 360
105 205
83 167
477 413
464 20
173 479
48 257
367 182
497 493
453 349
442 138
284 324
86 499
10 273
76 270
333 262
384 72
33 230
389 486
78 96
73 330
492 243
385 342
272 361
173 125
490 75
437 172
159 164
299 414
433 130
77 398
323 63
246 256
436 149
266 497
11 79
397 231
6 44
48 290
118 165
88 394
247 442
242 244
377 30
240 68
195 96
21 196
255 246
243 0
478 374
43 435
378 137
151 368
380 409
186 416
145 85
263 374
439 389
470 184
74 185
30 108
19 48
36 188
431 257
319 270
118 398
429 181
367 12
53 395
280 429
262 236
110 206
288 405
366 403
180 259
51 54
373 381
75 364
195 260
214 107
444 204
144 497
412 29
40 129
305 447
27 221
310 491
352 78
499 209
226 285
363 438
82 295
136 452
153 155
388 3
409 341
154 67
402 8
217 231
376 228
468 428
454 371
292 384
369 8
378 79
307 10
316 299
27 482
446 103
497 410
277 36
324 65
186 266
462 106
201 471
451 404
367 416
493 351
202 224
271 46
349 206
315 262
3 388
133 175
250 154
42 20
481 141
239 460
149 403
208 483
1 362
397 227
32 167
135 152
269 463
98 369
215 110
52 198
157 50
91 445
362 361
189 44
178 224
180 201
105 309
384 300
188 461
252 8
266 498
57 44
368 80
8 46
333 176
372 339
308 125
343 473
52 176
203 329
68 401
18 290
30 244
358 480
399 204
488 2
270 189
187 110
78 114
463 170
220 401
134 409
495 78
197 85
489 439
18 156
277 162
15 15
131 442
467 488
337 266
399 279
162 21
351 206
295 34
27 164
84 341
359 395
91 13
369 95
448 489
129 374
421 493
436 437
472 363
258 419
438 181
17 499
351 265
84 268
165 90
361 82
364 74
208 141
25 89
110 472
364 310
262 125
321 106
154 372
462 173
478 109
268 180
385 30
17 7
320 274
421 423
251 270
89 94
134 86
23 492
359 78
276 261
380 312
12 318
320 69
33 464
477 70
109 358
280 15
14 7
124 419
59 157
281 329
339 481
442 385
354 489
27 180
426 236
39 357
294 320
168 197
85 475
210 271
201 238
404 378
407 38
324 453
354 308
235 458
248 421
407 228
419 31
468 23
15 235
125 184
380 272
459 394
425 277
490 176
499 358
241 286
42 152
395 42
257 3
249 99
61 181
10 261
382 421
295 29
269 340
291 23
322 151
72 79
372 100
233 144
226 335
312 152
360 185
69 100
191 334
128 417
284 410
404 422
0 121
371 75
403 65
297 125
357 332
175 416
35 99
35 463
475 275
145 285
195 120
489 251
216 124
113 255
338 331
3 343
418 176
407 74
266 162
178 216
455 238
477 101
468 395
390 200
331 330
470 354
346 11
351 304
447 332
483 152
263 260
271 113
17 497
9 64
360 185
328 51
281 322
314 380
120 220
325 182
494 10
151 255
423 68
469 278
445 227
32 299
235 358
462 204
240 400
81 370
405 146
157 481
33 348
489 247
331 468
217 115
494 188
253 385
42 35
426 467
38 360
263 338
402 462
169 390
347 269
337 465
380 483
226 246
293 82
446 213
413 348
244 354
483 295
233 102
17 156
91 271
36 167
102 230
477 113
61 255
79 451
482 157
433 373
269 228
327 434
232 413
283 119
214 150
136 470
338 481
79 408
186 77
477 318
436 273
447 261
175 28
28 410
441 274
197 362
231 455
210 256
18 329
337 270
160 372
306 294
76 51
151 253
47 67
444 79
8 186
65 181
89 456
318 420
324 287
232 6
85 330
169 52
115 436
43 294
73 36
421 464
355 307
28 180
302 445
290 74
461 464
104 488
179 216
168 419
293 282
54 266
186 328
314 487
461 376
281 219
39 23
56 338
288 3
334 387
260 267
319 291
164 168
1 46
398 130
335 276
108 156
290 203
154 355
259 310
197 342
483 172
11 327
107 342
35 64
404 421
162 11
239 94
339 440
434 133
374 183
473 402
289 375
488 126
369 25
48 429
166 258
244 48
448 381
25 391
62 268
73 495
295 216
168 408
58 305
176 356
342 317
334 494
290 227
59 478
492 480
267 101
302 421
25 411
41 374
414 361
207 284
326 135
275 424
297 266
248 100
365 430
317 113
76 57
432 394
398 485
37 415
287 352
448 163
332 225
490 354
494 279
232 192
341 241
415 321
304 148
71 72
389 100
398 214
288 475
134 420
51 68
28 132
153 264
289 219
414 117
225 155
394 150
425 286
139 109
264 187
229 425
435 246
143 140
269 374
448 159
58 390
452 448
283 311
348 421
140 489
46 191
490 36
276 4
161 190
265 143
318 46
492 56
46 68
464 424
86 364
353 185
45 371
341 237
166 98
239 49
440 319
293 73
9 221
226 213
431 4
89 498
383 202
218 311
388 105
170 356
258 136
315 165
436 52
243 247
195 9
101 171
145 98
269 214
93 135
250 172
302 427
297 293
22 127
451 113
37 164
78 111
98 200
209 172
402 227
390 138
16 178
421 231
458 395
148 191
350 83
198 231
200 122
430 88
150 416
25 84
361 308
186 19
68 348
146 276
141 330
57 320
322 271
326 316
100 237
441 240
37 209
297 52
239 343
262 356
347 37
295 245
170 360
215 491
319 191
378 450
485 119
236 53
472 472
201 3
294 148
154 174
242 111
150 271
350 478
53 68
243 251
74 359
122 490
374 493
412 200
351 213
375 236
15 23
481 467
148 446
349 59
293 83
192 334
495 313
458 162
244 110
348 385
279 412
166 238
316 213
127 37
164 415
41 481
286 406
9 48
175 51
86 202
380 282
117 142
310 15
186 99
483 272
203 483
124 340
384 358
199 22
35 146
59 326
6 449
190 10
462 358
438 132
429 43
347 439
312 445
314 220
349 171
241 104
160 160
387 182
80 5
276 58
71 189
43 272
293 400
353 55
39 334
260 115
266 158
307 55
121 156
398 137
16 367
209 382
348 267
343 412
1 9
309 232
1 111
147 85
283 427
133 271
207 208
277 138
26 499
383 338
221 168
429 91
28 248
387 35
67 319
65 30
255 459
236 267
154 387
434 239
224 278
381 374
435 167
137 241
349 320
130 256
438 432
462 140
124 352
91 53
121 258
490 461
373 57
123 310
438 30
466 86
353 155
375 393
481 409
406 434
342 162
187 443
292 430
405 395
392 99
312 217
159 230
322 157
429 183
128 380
125 113
321 364
401 258
153 8
20 309
238 293
346 4
263 268
336 377
161 126
405 364
151 419
218 284
482 428
71 178
201 160
228 252
498 494
72 480
224 160
266 386
427 466
84 478
45 453
95 464
42 416
34 409
490 55
3 416
463 436
82 384
223 99
342 74
443 447
12 199
478 347
383 132
75 74
408 46
282 442
184 432
144 31
309 369
384 313
56 122
478 236
420 125
76 336
383 233
84 492
254 184
157 422
94 499
42 292
58 410
173 111
36 206
331 485
247 153
150 316
103 259
244 246
473 447
61 132
12 162
111 453
248 101
70 155
258 204
419 485
360 88
128 162
125 390
205 53
117 10
262 283
46 275
389 325
91 124
448 384
276 115
152 453
156 239
332 302
227 385
273 417
56 478
328 235
347 329
412 384
423 431
107 495
177 196
315 470
147 23
34 119
314 222
438 216
230 74
165 408
191 46
387 34
468 83
270 283
97 6
431 340
185 285
16 277
147 304
469 284
153 435
291 463
427 207
72 394
342 492
403 144
244 13
191 397
306 394
184 181
269 210
310 334
394 389
251 28
227 73
397 369
429 389
365 216
480 74
165 415
33 326
210 231
219 231
490 107
412 489
215 137
185 154
446 54
421 50
44 97
241 251
449 465
136 251
279 491
152 308
117 90
464 187
493 41
118 73
264 488
142 344
285 246
352 420
283 272
367 249
402 480
170 244
425 411
406 293
59 333
35 26
228 239
242 66
155 131
428 243
265 325
484 156
22 235
146 273
42 183
349 385
199 371
353 358
331 169
52 10
361 189
441 412
454 231
284 332
393 419
177 405
99 341
265 200
126 77
192 64
194 177
435 208
284 190
318 356
466 24
319 397
45 193
54 476
291 349
276 179
275 407
454 464
485 349
403 465
32 325
2 317
220 351
228 230
125 461
38 498
101 331
333 164
371 131
251 446
214 326
261 135
391 57
100 162
293 49
132 374
214 299
96 297
221 5
123 329
71 317
271 372
439 322
247 477
354 282
230 151
65 350
53 15
425 42
15 243
40 287
163 236
475 38
96 110
498 277
94 227
23 351
426 328
243 67
450 77
254 239
266 195
280 484
423 282
244 202
314 410
287 238
312 89
55 45
445 172
173 115
354 366
333 469
473 337
106 356
53 275
17 240
467 68
364 497
145 93
278 335
424 469
117 75
492 11
208 478
158 159
33 134
410 156
10 450
402 214
344 6
371 279
64 264
354 465
493 469
186 399
128 493
322 18
244 286
312 376
496 95
127 190
217 419
362 427
296 6
26 477
275 108
142 255
73 186
364 182
311 115
80 336
323 179
354 356
296 37
434 102
168 28
93 459
17 264
180 220
185 41
219 340
381 409
391 149
250 305
331 436
461 239
300 339
442 197
96 307
84 390
180 391
155 153
122 95
233 10
262 444
194 217
312 58
16 299
301 285
324 96
253 116
457 77
9 352
265 361
451 281
418 428
309 145
9 140
456 365
455 81
200 491
255 417
106 245
496 288
367 317
390 186
370 309
359 311
223 382
417 490
53 489
287 217
26 18
193 341
252 347
404 219
117 34
281 129
446 383
148 35
119 493
72 331
351 43
406 461
79 231
85 280
104 313
227 250
497 350
484 15
77 392
248 469
12 217
112 147
385 458
218 328
158 185
5 84
84 437
427 47
437 491
390 425
128 133
269 434
107 58
445 207
338 382
460 152
169 351
411 100
187 346
481 397
288 131
13 127
437 466
298 372
228 421
223 195
290 264
17 188
210 316
53 78
132 19
230 281
403 266
30 381
479 198
41 282
272 306
39 132
79 221
29 408
184 368
443 190
133 425
252 308
276 343
308 418
60 244
475 248
316 35
240 470
253 232
441 190
263 10
407 309
421 222
79 191
179 337
405 370
323 93
455 117
30 320
30 39
134 65
343 294
223 158
157 364
203 280
304 409
431 203
281 238
156 3
390 64
311 123
108 148
428 405
76 104
350 74
307 174
63 427
112 193
403 426
92 284
66 103
264 173
127 432
241 374
269 349
335 180
265 208
463 440
380 57
478 327
432 176
292 69
252 128
312 423
259 49
24 370
170 250
141 409
192 398
339 415
262 33
394 153
219 9
473 363
458 176
351 183
55 118
412 57
280 134
174 476
96 427
376 182
175 450
292 227
454 171
433 205
446 66
323 39
418 420
423 454
279 344
183 364
144 243
313 115
401 287
406 296
99 421
157 390
99 331
62 285
359 225
301 295
407 494
145 330
56 243
55 142
86 452
145 492
86 420
415 227
86 249
41 370
400 435
260 475
303 394
303 32
241 187
136 490
197 136
239 52
38 247
492 426
16 388
434 454
211 315
293 127
44 265
31 312
495 122
297 449
154 317
9 435
460 328
131 121
202 206
134 431
36 277
142 126
409 357
337 71
385 257
24 37
406 29
388 276
229 332
407 139
57 14
310 161
67 290
412 456
375 325
126 289
369 476
496 160
90 60
41 209
383 406
123 66
367 113
112 335
200 43
405 75
235 231
352 25
67 128
227 486
206 337
272 324
476 391
215 152
341 419
454 425
231 332
84 401
90 166
112 229
233 135
221 303
52 107
254 293
178 156
176 131
67 90
257 25
21 420
246 93
305 387
208 91
154 398
332 401
343 70
66 45
149 357
424 124
416 459
342 210
494 479
379 442
258 2
48 134
451 288
24 196
280 141
357 271
268 186
108 12
368 350
101 180
95 414
9 420
135 477
119 13
162 342
429 316
120 490
334 154
50 447
463 36
335 151
198 107
248 7
488 302
22 481
317 176
399 286
36 241
7 379
351 195
116 371
131 386
345 271
302 340
236 276
176 132
349 74
495 324
275 9
73 358
107 221
377 360
31 263
88 69
460 32
241 310
315 277
349 317
296 448
379 85
343 87
13 175
460 183
483 308
2 349
466 112
456 307
299 382
173 425
469 252
379 206
261 417
470 113
459 192
123 306
485 70
449 131
340 201
93 361
2 450
26 240
120 9
263 101
151 233
342 409
479 74
387 28
428 42
255 424
486 135
325 127
373 283
218 68
46 90
308 496
46 320
239 486
398 67
307 131
371 29
349 390
266 383
24 238
78 460
8 19
177 494
20 469
99 358
52 100
165 213
426 196
365 334
177 50
87 347
404 311
201 374
135 134
134 73
133 68
447 401
335 219
82 135
375 14
74 137
242 301
274 169
58 99
202 410
473 118
116 273
497 392
175 403
121 391
237 276
312 373
240 5
442 316
29 37
274 395
457 325
455 499
178 403
306 386
351 6
446 466
213 401
336 219
24 324
85 255
152 268
268 311
0 380
333 274
185 56
279 33
352 224
299 362
149 47
459 487
277 422
228 263
245 437
248 107
118 217
125 193
414 37
463 227
378 466
450 186
251 362
271 205
237 380
396 45
286 189
480 98
63 353
419 201
438 162
199 326
223 403
429 445
348 190
463 170
343 4
236 479
311 387
68 415
247 175
138 35
295 249
444 305
192 385
341 259
404 175
202 102
401 49
91 61
461 272
1 280
417 424
486 133
51 347
49 289
338 278
336 46
484 333
388 256
198 54
298 215
196 416
94 57
189 425
461 87
100 162
481 106
174 41
406 101
275 30
239 391
446 110
488 378
127 177
479 427
131 20
67 449
317 335
360 1
175 241
494 389
475 485
316 449
288 230
323 272
392 452
227 61
404 461
231 381
37 266
144 498
24 365
494 342
195 458
351 114
407 496
308 236
147 120
338 444
339 498
71 455
68 39
96 423
68 144
116 170
270 461
197 118
179 154
132 216
297 469
37 397
142 206
390 473
479 19
22 17
30 298
358 280
42 401
371 372
265 260
206 467
311 136
197 473
479 289
461 151
98 263
140 224
132 458
448 369
84 267
161 190
469 75
262 480
312 278
166 267
476 230
83 73
134 185
149 2
37 237
111 335
2 79
442 414
98 249
182 199
466 139
327 199
95 445
158 352
37 396
67 58
447 336
156 93
488 72
23 122
225 455
389 269
89 329
213 84
59 24
106 443
398 52
177 463
319 81
44 111
435 200
440 446
290 230
74 456
434 320
480 18
55 222
93 243
257 152
130 377
47 372
319 428
342 441
254 347
381 130
403 476
141 200
362 44
87 315
140 362
35 425
327 373
402 480
231 303
188 290
393 34
371 285
139 408
249 273
26 445
41 127
409 426
71 442
323 133
7 240
13 251
428 484
246 488
174 351
424 296
58 427
164 441
371 451
400 13
410 208
44 31
427 445
478 392
140 305
498 129
231 461
61 165
455 38
399 342
495 83
124 181
284 328
223 268
393 42
11 25
32 475
270 44
116 268
376 152
389 285
38 480
148 479
166 288
193 443
35 487
42 262
87 37
429 335
452 423
21 357
30 254
103 4
255 418
219 338
290 184
422 317
413 320
144 0
190 390
59 331
93 359
416 221
387 161
309 35
473 401
364 322
467 380
423 403
130 375
498 313
67 471
184 381
40 202
392 52
69 9
241 66
195 311
234 407
170 481
368 398
282 76
54 58
159 368
56 292
106 229
395 315
272 425
26 275
266 162
83 31
149 258
131 170
443 113
438 99
357 23
404 35
495 95
257 168
278 169
462 427
109 89
481 454
290 126
188 308
222 426
213 84
357 207
41 62
350 259
113 34
447 157
273 482
464 65
463 388
281 401
272 452
126 470
230 472
146 338
116 54
185 67
89 271
326 364
7 484
463 272
94 249
294 361
273 270
230 94
245 11
178 453
427 390
351 11
144 276
313 493
398 337
443 484
253 61
153 39
490 376
98 442
284 439
473 238
292 56
38 458
120 320
478 414
9 120
66 228
157 481
45 17
494 429
373 341
92 249
380 245
336 93
144 115
390 416
419 476
381 379
226 282
223 225
113 101
63 38
276 368
203 43
421 428
303 146
313 56
272 461
383 13
66 112
440 187
40 112
445 259
123 353
407 299
140 380
91 411
163 435
36 349
246 496
432 36
242 402
37 428
488 71
30 202
451 101
183 109
174 251
305 371
318 409
279 210
468 286
5 294
458 308
44 280
357 84
414 443
312 195
381 154
383 82
221 27
427 150
342 99
108 0
106 465
7 25
407 291
107 189
256 45
464 397
401 302
411 379
479 224
367 97
373 347
134 383
143 396
400 103
402 209
303 482
172 287
112 91
49 448
163 316
257 237
316 476
66 320
218 284
126 206
322 125
1 64
277 397
244 163
281 317
497 470
237 73
491 473
264 14
1 157
140 327
140 229
86 184
137 96
358 181
404 413
412 262
227 15
445 305
408 107
372 175
424 329
348 288
46 404
100 472
154 411
12 157
206 20
179 56
42 337
127 38
466 301
462 107
51 19
392 340
266 386
48 314
385 73
494 282
432 188
474 250
18 469
174 219
359 259
325 226
264 409
62 58
245 251
424 360
469 135
163 155
15 348
160 163
89 133
36 133
437 118
412 290
318 82
248 376
449 36
83 276
492 415
17 187
329 138
39 16
30 447
362 393
80 0
133 290
113 359
385 329
39 100
258 343
400 55
206 454
206 326
121 367
239 236
299 119
440 52
287 265
271 439
315 307
412 450
285 13
418 231
312 268
68 460
207 316
386 68
19 194
397 315
312 130
440 42
15 191
417 14
334 376
180 94
1 158
162 459
33 160
301 214
87 257
227 7
307 310
90 158
53 140
419 490
492 160
75 101
72 132
392 447
456 410
32 250
102 411
180 235
70 18
158 266
16 300
364 405
39 465
452 92
111 379
366 56
308 403
401 276
116 240
489 182
482 34
202 129
496 0
126 356
307 205
59 455
493 307
153 441
465 226
202 5
437 358
348 448
99 249
105 408
89 373
318 494
383 487
241 228
479 15
33 259
41 32
249 169
47 186
387 283
296 137
360 308
378 151
302 335
489 123
319 212
76 423
163 419
109 364
268 42
247 46
166 202
104 139
408 287
436 15
480 400
88 337
1 239
422 95
144 203
418 178
264 275
428 420
40 237
49 175
38 134
284 361
419 6
334 109
307 403
7 359
237 32
377 392
455 117
196 13
312 335
344 10
62 189
6 95
258 27
19 42
247 312
42 170
372 300
179 343
237 350
295 331
354 129
477 305
126 175
374 132
244 425
141 168
472 436
73 302
310 78
340 290
9 136
373 99
287 242
376 432
433 173
335 432
45 246
347 373
157 381
394 475
65 459
204 250
409 392
256 63
125 221
342 195
44 130
420 56
234 436
422 50
225 364
411 117
56 373
264 478
178 379
459 304
292 278
344 148
72 241
24 263
57 468
301 152
465 173
20 442
30 369
268 61
49 417
135 390
98 251
437 499
117 447
367 440
116 329
234 24
188 314
392 432
163 476
462 346
380 6
10 145
440 408
408 75
401 33
136 141
79 321
374 3
263 444
314 483
414 396
499 368
312 479
370 50
1 245
97 459
332 57
426 346
112 250
142 460
49 469
260 219
94 90
307 165
95 159
91 262
445 228
314 335
173 418
103 390
17 280
248 378
460 129
391 469
49 419
208 493
303 57
97 154
356 253
89 142
448 400
100 428
448 498
377 169
264 235
433 137
116 130
492 245
455 39
99 282
283 8
176 182
65 367
246 262
290 201
159 171
86 400
420 466
220 435
340 234
299 372
491 408
79 280
113 194
94 152
448 0
147 210
269 121
106 11
213 294
423 287
205 342
371 477
397 216
116 113
22 255
211 487
495 6
103 463
303 384
475 315
472 202
59 101
211 96
34 119
204 224
194 61
426 0
408 318
14 64
191 154
266 414
410 370
159 107
9 103
114 180
450 185
491 244
400 320
373 430
408 104
237 496
390 439
349 423
295 270
103 472
336 171
491 385
48 56
93 165
123 154
430 493
435 167
284 247
78 440
97 282
223 266
221 310
261 98
388 309
205 142
419 212
348 331
248 401
283 415
488 473
248 417
200 340
190 212
360 265
124 125
237 436
459 157
453 248
28 119
333 123
254 68
324 81
446 193
170 77
292 93
121 161
492 224
414 210
145 294
53 454
337 218
107 208
404 206
387 315
278 13
228 53
387 413
362 43
448 297
460 370
234 429
319 323
403 481
155 246
404 380
302 425
211 36
276 228
110 25
328 196
53 483
284 372
464 312
406 300
340 274
164 340
338 469
71 285
201 102
336 357
340 371
452 54
316 2
367 306
471 350
172 236
126 421
448 114
130 100
84 490
139 255
200 147
65 471
441 454
370 148
157 164
297 466
17 385
475 174
1 480
362 467
400 285
393 100
11 85
118 481
399 372
344 93
333 131
448 394
170 225
481 19
172 152
65 424
253 338
247 473
489 414
87 280
463 150
155 412
358 266
104 281
302 219
395 398
282 424
197 134
237 65
42 62
103 471
183 494
416 235
483 445
272 71
25 498
39 323
286 473
420 182
412 87
482 286
353 436
376 13
408 269
205 62
348 476
380 141
164 383
237 468
53 379
345 48
134 471
293 498
106 255
469 324
154 164
468 257
123 276
338 446
71 367
244 24
408 7
89 88
233 149
80 239
499 298
327 116
306 317
282 403
460 4
276 118
189 466
74 254
420 175
427 285
245 438
126 378
407 295
308 378
244 314
383 404
83 39
40 329
390 392
385 101
17 358
204 161
132 289
216 124
480 1
345 366
194 321
26 494
15 443
143 281
170 302
261 196
334 459
54 42
227 364
54 19
379 16
212 382
80 109
434 117
425 479
11 313
209 66
497 365
116 145
313 228
479 408
434 236
320 399
407 449
458 166
464 259
388 319
153 121
397 419
11 354
107 433
190 430
58 366
250 302
458 331
270 15
150 312
345 297
312 284
137 416
144 356
156 145
21 292
27 495
336 67
121 83
478 8
303 498
322 436
394 449
409 246
182 175
311 205
80 15
104 236
339 477
437 101
275 230
231 87
231 451
470 329
147 384
319 342
453 326
400 388
200 391
239 350
146 182
12 53
98 145
180 20
244 294
127 170
104 35
354 279
13 294
494 291
397 494
55 217
145 147
451 458
17 443
294 71
92 161
149 116
291 275
191 189
341 453
119 418
353 101
346 18
387 309
80 242
188 231
135 309
345 305
423 337
286 388
414 355
143 140
144 477
248 396
381 342
396 319
101 482
368 102
326 239
417 376
161 284
67 342
145 220
161 27
322 283
90 114
46 361
229 322
335 377
96 446
344 101
463 401
14 471
198 61
249 375
463 347
293 469
481 303
8 254
36 441
392 126
248 12
422 35
137 157
104 291
75 149
188 467
130 10
352 111
350 23
127 498
63 56
219 209
137 177
494 456
468 16
453 497
447 334
289 24
372 112
193 120
365 415
244 172
320 435
63 242
120 355
167 84
152 321
194 355
215 472
222 30
90 78
290 17
198 223
152 371
253 421
361 62
75 73
491 289
308 269
106 361
251 105
355 355
433 446
168 37
109 331
23 364
360 254
130 497
495 310
320 138
110 151
263 71
478 318
262 14
468 200
399 379
68 402
287 463
453 108
268 48
215 7
180 74
401 327
350 173
447 324
138 262
335 471
400 472
292 60
269 313
273 116
181 131
470 429
211 194
450 227
118 63
139 461
351 426
380 450
131 264
394 453
350 432
29 101
457 268
454 95
341 39
351 292
268 287
281 410
495 35
141 43
263 58
302 391
322 440
241 207
323 347
359 258
361 297
455 91
142 94
174 124
223 240
101 463
111 202
489 136
440 438
152 460
194 131
492 247
29 182
157 24
421 53
149 329
338 434
212 439
219 285
411 96
437 253
293 128
340 389
457 39
165 121
226 171
404 135
333 44
85 346
397 77
78 80
96 360
330 341
243 153
123 32
2 467
331 375
306 190
341 72
258 211
303 39
228 189
58 111
482 133
82 330
159 61
328 316
277 158
200 261
268 402
463 452
219 188
46 476
21 164
358 299
21 130
404 89
130 390
373 467
28 358
202 119
389 71
58 255
494 265
409 353
10 335
304 90
228 49
285 67
310 89
192 304
294 309
265 373
146 409
205 240
370 497
100 403
231 256
73 181
451 268
146 305
29 31
341 319
202 370
277 343
419 165
322 227
182 56
490 366
117 315
302 138
306 377
161 272
245 282
309 229
345 92
473 460
379 300
336 495
344 19
26 448
437 258
234 378
179 370
207 390
367 185
241 247
221 23
144 141
133 428
490 246
406 69
140 343
237 98
55 379
59 86
23 128
340 174
451 283
304 248
416 236
423 116
277 266
65 481
189 50
472 404
482 107
479 38
297 265
24 418
262 50
191 80
41 206
405 484
227 335
146 120
284 463
484 123
82 88
34 480
332 95
18 420
473 304
186 11
201 288
167 387
114 139
122 58
69 150
353 366
261 445
117 14
29 217
199 156
374 117
123 218
253 117
153 36
435 459
487 197
287 442
86 164
412 25
302 12
339 6
262 85
463 181
65 74
310 364
112 380
114 110
429 143
472 477
152 491
229 417
319 161
490 480
194 320
189 133
235 51
481 253
66 369
436 436
232 78
326 249
179 440
300 254
289 170
453 483
163 427
37 122
366 54
135 149
260 450
338 185
164 466
4 70
249 134
182 386
262 115
499 478
394 224
448 248
425 417
231 72
196 424
298 201
269 166
50 224
93 243
66 218
0 480
375 171
206 481
145 23
443 3
264 469
268 100
353 309
327 497
132 166
50 79
276 381
177 126
178 489
402 68
13 38
350 247
379 168
23 18
245 187
226 394
170 372
330 385
98 140
108 117
121 11
151 468
464 304
343 243
462 464
74 88
287 88
224 369
449 86
99 442
430 194
122 252
428 496
490 285
3 230
276 426
168 321
53 13
85 34
248 179
499 188
7 194
109 319
318 362
91 132
470 200
108 416
8 401
157 464
170 107
454 433
445 62
281 203
358 96
499 165
252 486
233 144
127 97
161 374
68 184
442 214
296 494
499 430
255 190
261 287
366 205
159 478
431 462
461 215
58 133
173 201
78 31
204 479
427 153
172 35
209 300
156 295
326 355
184 335
27 338
204 211
437 55
178 373
40 104
247 276
235 126
258 62
361 462
452 104
325 484
213 313
31 440
300 190
189 253
15 339
203 397
199 414
21 3
322 324
179 192
234 331
493 452
457 69
306 317
78 395
25 401
271 489
418 69
11 252
45 123
312 46
290 95
46 110
495 94
481 147
171 161
93 30
90 392
187 337
130 28
254 124
187 332
229 215
259 317
327 36
424 180
90 356
15 166
71 148
153 353
319 488
469 121
351 276
215 63
69 69
150 49
263 421
212 30
361 359
299 165
469 35
214 190
125 48
385 245
43 186
210 443
80 0
84 276
297 452
16 473
23 29
434 317
99 182
280 383
227 285
247 283
381 487
324 176
172 334
495 49
93 411
431 390
442 36
181 139
360 261
49 23
175 29
37 188
386 364
135 169
437 72
230 210
261 214
284 400
252 262
319 46
59 423
98 95
377 233
475 417
484 306
32 312
235 393
288 124
232 149
404 497
79 46
324 257
40 177
16 89
159 161
77 416
289 304
245 192
16 119
30 7
184 22
307 14
219 187
272 251
290 252
148 58
198 178
215 47
100 201
45 143
398 88
315 209
339 230
454 468
425 467
21 358
167 226
49 182
184 182
172 100
125 390
215 455
287 64
341 96
355 189
304 290
53 415
427 81
181 483
3 75
198 205
260 116
285 376
251 228
436 89
90 438
50 270
177 365
99 363
162 476
354 178
21 422
132 140
484 27
358 44
22 231
51 444
360 172
268 254
316 98
474 226
76 27
101 156
171 55
120 62
172 246
268 94
81 239
426 71
394 127
345 327
433 412
252 382
369 442
179 309
154 58
127 254
142 463
434 397