200
7 191
51 54
140 85
156 78
183 161
100 151
80 176
111 10
149 152
126 113
161 78
16 21
200 89
17 187
83 155
61 195
198 118
23 71
2 88
118 125
192 149
42 157
143 15
22 113
21 138
87 98
169 59
147 186
54 123
152 136
169 180
15 101
8 198
193 183
9 162
141 84
195 126
114 121
33 11
174 133
38 189
14 12
177 115
118 97
189 137
99 162
186 37
165 103
104 70
198 66
33 93
149 181
187 75
3 30
182 49
195 106
157 98
76 9
149 12
176 100
80 101
38 8
199 170
19 46
116 198
107 116
137 147
94 91
77 187
48 199
90 71
75 8
77 153
117 65
198 49
26 153
120 177
5 195
32 123
2 200
13 165
124 190
177 30
31 117
192 62
131 69
68 44
2 89
197 156
188 116
178 170
141 57
183 6
50 180
162 180
105 20
16 99
58 186
94 163
151 54
29 24
88 150
98 176
66 139
180 93
22 100
22 139
100 169
175 3
144 127
194 50
119 49
194 13
51 70
119 111
75 65
47 143
134 152
162 177
197 123
198 113
4 92
17 133
112 181
73 23
35 88
118 13
36 147
188 74
197 128
87 52
50 141
65 174
90 186
165 176
42 104
45 189
123 9
34 123
107 199
15 27
94 157
118 6
37 1
62 145
135 19
140 100
103 24
19 43
135 155
110 156
197 63
73 138
5 172
110 109
76 159
187 116
168 66
114 44
121 180
147 166
12 46
54 12
99 88
190 39
35 144
85 14
130 195
172 73
89 31
143 90
194 2
122 27
42 196
143 92
169 127
148 74
104 144
109 193
18 130
38 31
168 97
185 195
167 85
34 72
183 139
3 18
105 160
156 45
5 177
57 110
199 62
18 167
5 81
96 51
62 156
59 165
99 87
146 131
172 1
2 74
147 74
30 124
123 108
62 81
93 125
85 180
87 31
40 55
79 50
36 111
21 138
154 84
91 137
42 54
121 79
89 142
91 95
69 0
173 28
97 143
56 16
125 192
176 154
135 11
111 173
170 40
61 145
30 158
55 49
121 186
135 19
0 157
105 46
190 136
87 61
46 177
145 141
154 158
2 72
16 187
22 120
28 90
199 0
67 94
57 148
172 200
33 65
43 53
115 85
145 181
73 145
38 104
142 155
83 146
195 20
62 64
48 37
107 143
111 179
26 9
77 47
31 138
131 75
106 78
97 27
1 46
69 78
20 144
134 75
39 155
40 126
140 53
1 140
195 28
198 173
74 36
105 117
172 149
29 195
104 9
14 57
8 30
181 47
7 166
11 162
63 199
127 178
180 162
176 70
79 168
72 8
189 187
154 147
137 42
39 126
67 127
112 105
91 48
111 58
25 166
45 67
84 65
194 177
72 154
48 116
77 16
44 130
115 138
54 187
95 160
155 128
127 145
28 177
94 196
92 134
72 157
113 134
158 155
162 57
94 141
9 35
30 36
55 135
141 67
145 71
88 99
197 70
113 41
73 195
127 130
79 0
87 160
67 76
20 103
60 182
26 16
129 38
148 9
138 89
179 185
93 49
69 54
18 183
51 71
4 48
123 169
9 145
174 57
137 78
106 117
68 134
27 72
108 21
27 187
125 80
32 187
141 75
160 169
23 178
156 68
30 81
164 67
73 104
92 124
28 54
21 47
69 159
15 14
102 10
197 162
142 88
94 158
9 33
79 49
174 8
135 75
66 166
31 28
118 177
11 25
78 80
133 77
2 18
109 9
111 190
90 180
24 35
78 140
76 40
91 116
21 85
120 110
127 149
172 57
189 187
78 143
91 92
96 47
130 98
37 42
190 93
32 37
96 102
58 17
111 98
93 79
190 111
126 190
52 101
103 62
59 191
137 12
92 62
105 88
43 14
97 191
52 60
107 23
129 104
142 103
13 145
176 117
189 182
18 19
14 177
84 11
161 101
200 45
29 108
149 185
108 32
56 60
9 190
132 46
122 96
37 111
117 10
91 180
40 152
189 161
24 198
35 160
121 44
3 161
35 182
168 147
100 18
4 163
63 198
109 98
153 147
12 119
133 42
66 99
196 23
174 164
19 150
149 181
137 50
152 67
197 191
140 197
174 100
126 163
120 122
111 110
50 110
180 44
49 59
116 109
133 31
120 13
189 24
12 15
34 186
76 166
112 74
141 165
192 25
47 82
57 80
126 35
9 28
36 143
155 74
56 36
33 44
5 126
18 16
156 134
80 179
33 109
146 189
155 71
181 198
22 189
36 0
119 91
183 141
14 184
39 157
119 170
57 134
193 7
73 115
41 27
72 122
106 54
30 59
52 64
23 7
1 160
34 5
135 6
141 116
17 55
140 59
110 88
172 94
106 41
41 72
105 161
1 195
174 127
72 42
198 172
43 192
57 66
133 39
81 196
63 109
24 102
168 85
77 95
180 164
105 44
46 149
131 59
188 98
15 191
146 63
23 97
122 57
21 147
182 73
53 81
167 199
65 170
168 117
40 100
144 177
48 70
32 5
159 24
87 28
47 73
7 132
100 88
159 32
105 68
47 155
118 137
75 153
139 183
72 71
80 63
5 149
13 146
41 72
17 0
48 111
77 134
169 170
141 146
197 4
75 48
132 199
109 177
73 60
165 144
9 61
182 46
114 25
35 53
143 32
58 15
49 100
63 32
158 29
28 33
161 96
62 12
132 107
115 71
71 86
117 100
164 24
34 113
8 41
183 86
193 188
115 79
111 148
22 53
172 35
76 37
135 87
54 112
38 8
175 129
95 156
16 24
106 53
124 130
125 188
179 147
18 81
60 31
23 74
178 35
45 50
87 50
56 156
72 154
189 31
6 87
102 188
93 18
130 49
178 80
196 4
112 144
87 130
55 55
109 34
29 103
188 159
43 5
32 22
4 78
53 14
184 152
92 195
66 194
103 51
76 191
4 142
79 5
127 17
159 29
120 87
169 134
3 17
61 176
153 75
177 152
55 73
20 138
121 199
50 67
36 133
199 188
132 53
12 149
62 64
9 126
19 60
118 90
126 168
41 162
88 77
147 141
68 105
66 113
79 154
36 160
130 126
30 72
141 86
42 7
116 106
199 146
174 195
140 31
116 182
24 7
31 38
37 95
49 88
10 15
25 194
1 145
142 12
99 22
188 151
91 149
42 20
103 31
29 56
41 147
151 65
162 197
83 187
140 139
72 69
54 57
15 146
95 69
39 175
38 173
30 97
1 172
107 15
8 176
153 28
128 98
185 10
68 0
191 75
79 19
174 148
140 130
174 51
163 73
1 82
29 132
78 91
182 98
155 34
34 133
97 164
61 154
139 58
69 37
55 196
138 56
24 88
24 119
99 159
170 145
85 37
91 79
113 171
19 147
33 162
43 50
2 9
17 130
74 168
72 195
136 32
18 157
191 117
61 62
32 98
150 104
182 127
89 140
182 144
56 171
119 70
119 29
47 149
124 66
110 16
48 114
161 193
57 44
27 185
171 5
91 41
133 175
67 196
70 157
85 189
190 148
156 92
123 167
188 10
140 24
110 181
122 146
118 19
40 96
175 13
66 0
23 117
57 135
5 133
178 169
13 105
169 158
103 176
56 110
97 61
187 7
148 184
128 168
114 170
24 145
149 152
55 110
88 137
40 162
125 74
30 154
172 185
119 101
147 143
177 124
179 91
74 88
101 29
20 147
165 69
172 10
112 22
186 164
1 86
155 38
34 199
103 28
147 151
166 192
3 94
177 121
163 129
165 66
81 78
148 100
112 102
141 130
174 121
79 149
181 12
174 67
199 45
86 61
116 13
50 30
179 139
184 111
51 165
5 158
120 119
2 117
162 23
3 143
195 61
160 142
39 130
76 135
83 93
96 106
1 67
105 16
67 197
147 88
165 175
68 175
82 62
184 54
56 50
132 114
97 143
154 51
146 103
35 149
130 72
96 195
147 91
197 152
15 16
38 176
25 121
192 68
1 0
199 27
189 32
130 108
62 73
162 195
164 117
156 97
170 91
98 195
93 52
136 44
135 97
12 34
145 128
107 62
41 176
151 175
105 88
67 5
21 191
174 23
113 29
151 37
81 21
20 29
192 52
41 22
103 119
28 7
45 86
120 155
29 94
120 101
192 50
171 148
183 46
66 119
54 38
43 115
41 194
177 70
196 178
171 28
20 26
133 75
115 2
99 124
190 197
54 139
51 31
5 185
187 13
64 59
116 132
96 177
10 74
180 59
31 126
144 160
87 159
1 114
73 140
125 3
127 26
135 149
88 113
69 97
102 64
106 27
19 197
179 90
63 76
181 71
11 130
157 52
5 190
32 96
51 135
197 0
20 99
69 34
50 176
51 169
37 3
166 98
197 25
81 141
133 171
137 134
24 116
148 35
185 48
111 119
66 188
114 99
22 22
169 92
45 186
35 59
114 81
161 184
8 62
157 95
49 162
162 110
143 38
175 51
108 85
23 135
185 44
87 172
8 188
8 125
7 40
166 96
177 63
46 195
196 16
98 71
145 86
15 151
89 88
32 108
44 188
49 9
8 157
197 130
34 121
123 157
133 38
35 67
73 114
177 146
32 34
63 142
185 136
102 134
157 90
116 18
94 73
173 10
5 50
149 11
62 73
193 112
59 147
97 147
141 17
144 65
119 68
39 130
22 19
187 0
78 58
0 168
170 184
10 111
20 49
91 56
48 170
68 41
120 91
183 64
3 23
137 35
173 45
32 5
143 55
92 55
134 146
91 145
160 73
60 158
65 7
93 129
119 8
63 172
78 148
64 135
197 26
178 193
40 15
76 103
190 26
121 92
146 70
9 63
126 83
59 181
0 169
141 154
167 20
56 196
139 51
46 135
86 133
88 193
131 95
118 181
171 15
120 104
101 37
47 156
11 155
82 33
58 115
185 177
180 65
5 145
141 65
132 81
50 185
134 104
49 46
145 128
163 187
54 165
105 60
105 102
88 190
182 174
150 72
137 53
179 86
46 121
67 175
6 8
22 106
187 40
102 13
20 18
8 40
48 1
58 145
138 11
28 197
111 196
111 197
0 164
12 96
48 4
179 148
15 16
124 81
70 123
136 133
21 24
0 29
33 38
200 164
130 1
156 101
68 158
96 173
43 115
21 28
31 110
96 58
97 107
105 179
124 169
69 40
200 195
157 48
63 49
32 196
147 127
24 49
37 160
104 95
33 57
198 10
195 61
2 124
130 147
147 65
82 46
182 191
122 44
163 14
17 70
53 106
58 94
184 0
149 106
159 191
56 136
99 4
121 98
130 43
54 86
3 129
136 66
110 116
129 68
150 78
35 82
192 170
116 41
182 171
159 158
11 191
88 200
101 179
126 183
102 110
107 185
122 125
160 122
24 137
115 50
67 104
134 37
128 25
173 81
19 154
49 43
41 168
78 84
1 200
147 86
169 71
58 200
94 146
124 16
76 197
99 24
53 71
18 15
177 180
200 108
23 2
144 193
196 89
42 33
104 8
142 166
79 154
49 128
42 30
172 177
166 134
46 150
24 179
116 190
87 95
172 98
32 121
60 87
161 37
161 141
114 191
116 149
97 108
169 38
96 177
108 192
42 29
0 123
9 67
48 95
105 184
194 46
92 52
148 18
67 130
60 110
21 183
196 11
100 166
46 8
59 147
77 123
78 125
164 164
23 196
159 20
33 54
46 119
169 178
143 89
186 179
172 111
131 158
105 145
72 164
61 11
66 6
71 27
104 18
75 135
166 158
166 162
161 188
77 109
159 126
143 89
90 116
69 120
123 193
157 58
39 117
183 71
194 163
23 126
53 35
59 123
41 134
193 21
99 185
105 60
64 70
93 162
29 119
81 160
68 118
22 102
165 190
97 96
35 99
102 10
19 176
58 192
99 98
33 170
156 10
16 197
52 125
101 185
74 56
186 23
64 8
133 183
167 53
128 70
165 68
105 38
140 197
131 17
134 42
116 195
82 29
157 149
92 92
81 185
169 27
134 123
33 55
149 139
103 0
56 87
39 40
119 75
106 115
95 33
1 169
3 128
17 125
94 22
200 77
188 111
125 149
176 21
188 99
54 108
174 102
161 53
34 46
191 145
171 134
49 166
89 21
60 93
193 143
49 75
168 152
37 146
85 10
112 28
160 143
198 173
25 136
14 67
67 188
71 158
162 195
192 134
108 65
140 11
50 122
71 54
163 115
56 114
1 98
168 53
67 133
134 38
193 48
59 67
192 191
92 169
5 82
101 84
52 130
103 188
30 63
127 44
94 25
144 0
161 111
88 68
166 49
159 165
189 48
150 37
170 30
125 7
74 159
125 1
76 86
44 76
113 63
31 9
109 109
143 58
193 138
131 0
179 85
182 113
39 125
196 30
47 18
128 27
178 39
106 56
174 131
194 10
60 43
182 83
13 106
119 101
45 75
169 26
40 108
34 138
68 1
167 87
91 134
135 125
91 130
110 51
33 117
3 133
102 54
152 123
7 181
193 78
170 91
166 101
159 83
84 104
113 102
27 15
124 189
141 177
67 30
17 93
107 150
179 111
39 68
177 197
67 97
133 45
149 65
43 77
16 19
91 128
183 140
23 124
196 39
32 87
147 90
106 115
98 107
78 110
129 161
45 30
101 168
163 112
25 114
53 188
59 61
181 163
168 120
174 6
23 67
113 116
102 8
187 168
173 178
180 31
158 103
22 72
145 114
40 35
112 166
141 141
119 135
184 68
5 22
97 108
117 138
74 76
43 12
13 150
178 121
165 35
34 133
142 114
195 144
46 86
89 79
149 89
172 20
163 75
29 108
188 127
122 123
86 50
81 175
101 170
37 108
28 36
46 18
161 134
127 173
142 188
1 53
63 106
102 89
148 184
17 179
30 184
184 185
2 68
96 97
141 186
166 185
94 154
199 22
184 105
97 91
29 55
194 124
122 163
74 189
180 165
152 176
52 172
149 55
129 13
34 94
99 141
115 5
145 40
119 37
42 156
148 23
189 134
190 83
158 162
88 101
187 44
82 37
123 139
151 127
46 10
61 177
199 110
192 8
135 28
108 137
78 70
152 48
82 2
16 171
55 116
139 200
173 85
169 141
99 140
26 193
7 112
31 130
199 74
149 164
150 98
193 5
5 147
98 124
81 131
51 0
22 3
50 31
179 45
16 126
45 192
6 66
56 164
149 22
114 135
24 79
189 181
60 157
91 158
130 58
129 84
137 185
138 102
112 187
92 31
58 122
59 25
42 97
172 1
108 115
29 55
59 37
135 108
7 64
67 146
197 80
45 33
74 40
15 163
111 33
4 105
20 50
34 42
24 91
67 93
112 122
164 74
197 149
52 155
153 169
134 44
80 35
162 56
124 8
59 123
172 9
69 148
84 132
62 73
102 19
86 4
68 59
88 59
163 200
6 59
116 141
188 59
73 37
21 21
36 52
120 57
83 72
41 140
180 119
12 13
126 33
136 102
118 94
104 119
162 29
112 46
103 186
77 31
164 175
48 154
13 130
46 183
42 124
5 11
107 152
155 128
45 103
181 111
133 187
96 147
19 41
185 140
60 173
50 172
181 30
40 90
23 195
173 168
169 76
65 145
114 187
94 120
179 197
153 78
78 110
6 1
54 125
12 28
39 92
4 186
132 64
38 45
8 39
196 79
168 90
180 162
117 149
125 29
76 120
111 146
126 159
38 84
166 14
106 76
190 11
107 138
188 76
142 137
110 65
52 165
154 49
160 110
191 178
69 116
118 183
10 41
161 146
54 75
23 22
71 68
32 96
100 16
63 23
127 32
17 158
188 89
31 195
19 102
28 178
195 54
134 153
192 197
94 38
132 15
113 46
127 42
174 39
48 114
183 190
191 162
120 144
85 181
173 169
176 15
171 108
26 157
34 196
173 88
100 5
119 82
102 136
109 147
167 84
160 73
82 79
140 8
167 131
105 200
150 129
47 62
162 5
175 12
118 124
50 64
3 63
179 177
179 126
132 177
60 177
21 19
66 55
20 27
161 8
59 77
78 84
13 58
16 91
84 113
196 185
108 37
7 159
14 56
131 70
60 23
2 134
70 181
149 16
39 157
119 61
92 36
137 113
146 182
194 77
152 83
111 83
44 196
200 116
38 25
164 147
122 66
25 188
199 170
144 65
42 120
35 71
185 167
95 64
16 158
89 8
152 87
107 23
10 172
171 34
110 100
178 72
187 1
4 127
171 13
177 2
194 36
80 136
69 11
184 146
147 174
170 143
117 149
91 113
140 97
51 80
143 196
13 194
111 126
28 2
15 67
123 101
131 169
172 23
36 176
162 77
125 171
98 25
0 48
122 15
77 91
73 97
91 142
135 185
194 157
91 38
17 27
73 184
166 84
51 134
72 65
61 56
140 186
190 37
94 113
40 200
120 172
59 150
16 67
32 56
177 6
21 59
69 119
184 156
140 54
97 65
197 23
180 82
151 173
109 97
75 179
121 2
45 26
50 10
10 14
64 118
71 200
105 179
27 86
53 10
198 195
56 179
139 163
193 37
12 46
3 31
0 111
35 145
117 38
134 22
71 22
14 12
189 150
122 92
24 182
115 121
73 117
173 128
182 131
25 22
174 76
118 51
90 47
136 174
46 23
169 166
49 55
165 49
166 70
166 21
186 124
112 76
99 57
167 57
75 43
171 94
4 73
121 151
70 142
36 194
143 46
6 144
86 138
92 4
5 39
49 80
86 51
115 132
138 28
106 160
124 5
123 90
168 22
134 169
48 140
12 185
200 147
76 13
98 91
58 44
77 71
141 10
60 87
172 179
29 103
16 47
17 155
75 10
156 141
68 148
18 16
128 193
30 153
178 29
53 65
80 8
137 56
159 105
54 154
5 69
151 61
50 76
194 130
200 29
37 61
81 120
58 31
44 16
51 71
158 37
157 159
121 61
199 160
20 87
15 170
14 192
121 122
191 44
97 167
1 121
7 113
157 59
65 123
157 146
71 159
66 109
9 84
83 146
142 143
134 94
188 126
58 95
198 130
179 20
108 41
148 55
64 186
143 88
121 137
183 185
178 127
40 69
65 12
130 5
195 27
199 144
132 99
82 163
161 7
6 98
16 187
132 148
162 119
75 17
145 130
177 186
90 160
122 117
199 10
144 114
51 172
90 162
56 82
17 100
132 24
147 40
169 114
101 121
115 200
127 82
95 35
56 194
12 55
74 185
49 156
178 168
48 92
84 138
77 153
93 40
165 81
176 102
193 10
13 109
8 108
179 79
167 91
34 135
132 38
104 97
87 34
57 44
158 36
57 77
192 182
51 83
120 9
169 78
18 197
192 177
112 86
11 102
99 184
182 118
169 198
192 175
114 95
58 187
122 196
197 65
20 13
94 56
118 87
9 6
112 89
171 29
11 102
200 60
101 100
177 188
132 116
198 35
41 88
3 17
44 60
176 164
7 100
45 115
141 32
59 192
75 75
188 161
61 19
18 35
148 87
22 13
18 104
79 94
139 27
159 152
35 40
168 177
58 34
190 28
1 183
131 63
61 32
116 99
115 90
132 158
153 122
42 53
136 129
36 153
142 58
155 124
149 193
84 63
155 51
187 157
50 64
74 131
191 138
90 51
193 2
125 45
72 88
113 44
68 75
23 63
136 51
121 188
199 195
192 52
4 160
197 193
4 91
84 135
99 181
183 71
20 105
50 191
173 147
86 19
148 153
32 168
173 165
190 78
86 86
199 168
34 87
8 44
61 40
8 29
167 122
101 77
89 134
182 14
183 56
14 31
154 20
7 116
59 186
124 153
14 101
89 150
78 16
134 142
99 71
184 49
8 56
109 91
32 8
190 50
143 83
71 115
194 82
60 127
28 14
138 36
78 59
133 36
174 47
191 39
149 58
79 172
37 170
192 5
23 103
176 99
34 185
19 181
152 1
114 175
94 65
97 70
61 176
147 152
185 161
35 31
195 146
50 71
199 95
194 38
171 138
170 179
58 15
167 2
163 158
103 196
20 99
20 40
128 192
122 185
157 23
74 51
162 199
156 174
131 115
143 152
197 90
200 6
10 7
144 125
75 132
46 0
182 175
168 3
197 21
42 177
149 195
68 93
98 130
41 67
103 180
133 113
189 147
107 125
176 109
20 19
22 113
145 186
161 181
187 13
31 1
42 27
30 72
180 73
130 119
26 156
128 148
116 22
102 200
105 83
126 138
173 9
134 144
36 1
25 68
92 67
20 145
184 194
185 184
200 134
171 63
61 115
12 119
121 167
21 98
92 96
178 25
86 89
93 163
71 139
140 12
165 168
119 18
150 127
21 25
113 23
195 4
130 108
86 73
33 45
95 79
151 96
28 132
145 69
42 162
125 9
166 184
192 149
2 122
165 156
159 34
87 34
193 132
72 158
62 6
28 200
112 193
188 6
149 49
36 66
92 128
7 130
61 99
70 135
182 79
199 199
170 68
111 145
200 72
35 77
182 107
177 119
104 56
157 175
131 13
84 153
14 41
196 11
126 200
61 155
8 184
49 193
3 126
156 139
126 41
53 154
110 179
125 181
176 31
147 181
197 0
53 186
175 21
26 121
172 108
165 61
44 137
198 14
43 132
63 38
121 16
0 189
30 130
182 43
170 81
18 92
196 197
43 91
178 33
44 177
114 37
136 51
101 166
190 36
121 16
139 85
71 112
175 64
188 182
101 19
85 20
145 11
190 164
15 37
41 125
26 175
148 66
154 138
57 94
28 140
150 195
131 124
180 168
23 188
105 8
97 146
88 75
128 190
20 138
53 52
85 172
116 71
181 130
96 163
194 76
41 118
3 171
6 130
8 27
117 133
145 61
195 171
123 56
98 84
58 11
11 100
92 64
81 79
195 121
141 120
13 155
63 200
47 63
144 14
109 144
142 129
84 179
14 73
113 4
13 76
47 37
37 115
51 51
194 78
138 40
23 11
52 119
22 44
34 42
81 122
171 85
160 64
198 43
180 60
103 100
48 161
183 60
200 143
75 129
123 143
7 52
86 185
59 114
1 102
59 1
93 156
147 46
141 196
151 84
138 107
11 154
94 188
153 127
69 65
135 148
26 58
68 99
1 128
187 52
59 57
100 43
97 114
124 11
141 94
180 105
44 162
150 24
139 192
142 109
96 183
68 30
109 83
53 46
83 190
166 101
133 77
101 113
160 195
129 81
198 37
66 178
23 122
8 185
52 114
192 134
193 169
97 44
98 82
178 35
80 22
12 101
6 126
190 60
128 36
141 37
121 12
55 113
191 75
85 88
5 14
126 6
109 42
56 200
64 95
118 19
83 109
183 122
118 93
42 106
108 190
92 59
103 13
121 171
95 132
63 135
45 131
116 161
69 25
49 120
26 95
78 131
145 142
106 115
70 18
184 10
182 157
171 98
84 6
166 144
169 73
180 31
171 167
134 19
192 131
36 189
195 185
180 74
191 187
131 29
70 159
119 162
109 115
162 78
57 24
195 173
85 99
122 78
63 49
106 115
186 61
11 160
187 62
67 4
138 156
100 90
167 143
173 119
44 99
5 43
186 52
124 107
156 11
190 31
107 190
98 177
25 79
154 184
144 66
88 195
31 84
39 59
196 25
64 146
159 125
159 162
77 17
170 86
133 28
31 112
66 142
47 8
102 129
10 57
8 2
164 15
82 169
72 116
158 81
10 30
98 159
36 191
166 9
10 81
190 164
44 11
63 123
160 181
149 10
24 97
61 190
61 5
149 194
198 47
155 46
70 138
148 30
195 176
16 117
25 92
16 184
30 0
5 54
175 133
100 75
46 103
107 24
165 93
31 65
139 195
121 80
46 73
195 190
37 120
126 51
97 65
174 48
11 33
130 13
43 38
192 111
167 80
132 187
32 144
102 199
159 31
148 80
107 103
100 169
139 175
153 2
20 24
24 64
141 190
199 132
169 76
160 67
69 133
71 89
71 120
57 197
53 10
172 184
54 19
198 116
126 83
16 57
178 118
101 146
24 197
41 44
141 121
62 22
149 14
42 58
50 120
41 97
1 57
30 176
49 10
161 144
148 102
36 89
124 144
132 23
10 187
38 94
127 9
49 114
63 133
173 61
181 3
14 13
143 113
163 36
156 20
167 191
137 162
66 149
30 102
36 173
194 125
52 6
83 115
123 37
31 163
110 117
185 81
188 171
184 147
45 24
90 77
145 76
86 197
52 67
16 89
93 156
111 3
143 158
75 54
39 167
165 179
190 3
135 56
177 167
111 181
199 45
193 5
11 31
100 12
59 131
49 60
174 71
12 181
157 6
178 78
65 179
27 91
136 141
81 10
46 82
4 37
123 135
52 193
115 101
1 187
21 72
31 116
191 177
52 56
120 119
153 178
112 38
48 27
8 82
191 64
16 149
77 52
64 159
60 22
125 80
23 118
95 0
103 149
12 52
24 134
129 155
111 5
79 176
138 135
77 153
110 45
109 81
89 139
78 151
7 83
113 96
107 153
99 113
89 185
149 29
25 62
146 187
139 55
189 65
70 57
48 131
59 85
116 53
183 111
198 80
145 186
32 194
169 30
143 194
9 74
23 95
54 72
161 70
49 191
144 15
146 38
61 149
63 178
39 14
27 117
141 175
80 141
148 160
168 144
8 81
181 64
72 102
167 80
45 178
38 8
21 173
13 83
77 193
79 82
187 89
52 116
106 136
79 124
58 64
44 186
162 115
62 177
146 91
47 138
133 70
115 1
57 117
89 155
183 21
150 73
93 37
28 54
145 48
60 147
172 150
170 30
130 47
115 123
49 57
131 32
47 183
99 122
113 178
77 120
181 177
141 105
145 125
17 168
175 15
8 153
74 157
86 78
171 132
190 49
82 67
132 190
43 171
200 135
154 145
17 29
64 199
150 156
56 183
105 75
107 12
15 143
2 1
137 59
109 12
53 7
195 73
61 87
6 103
60 157
70 41
184 156
131 87
97 34
188 184
127 115
113 137
146 94
95 158
74 71
194 67
170 120
175 9
82 83
145 40
7 171
173 176
161 137
127 136
122 200
65 154
97 190
121 151
81 72
133 111
187 52
183 117
128 87
163 86
139 167
179 26
18 12
125 184
126 145
76 17
25 137
67 176
157 45
63 70
34 22
13 150
77 35
26 180
185 175
103 148
70 116
196 100
198 192
102 34
22 163
131 5
46 131
72 193
186 156
7 27
44 51
11 88
13 6
116 84
11 29
145 184
107 172
169 95
182 115
176 90
130 33
72 149
199 91
15 161
193 135
200 33
49 158
52 90
32 48
82 196
177 80
108 128
155 50
170 191
6 88
147 174
108 163
80 83
141 39
19 26
150 175
178 116
164 183
115 54
20 150
80 122
36 146
140 48
44 41
195 68
83 24
64 81
64 170
184 41
60 128
163 131
85 123
72 84
47 179
100 198
185 197
19 168
165 145
62 166
71 128
114 160
135 52
160 192
152 99
157 25
69 88
152 66
7 13
94 32
42 183
106 162
43 99
39 70
35 91
106 58
152 102
152 121
89 176
148 139
200 158
186 155
22 9
144 179
173 18
187 38
94 200
127 158
68 33
116 192
99 9
47 134
150 44
65 76
151 67
27 126
179 72
33 114
135 197
40 163
0 128
71 36
70 114
172 168
126 8
130 34
188 104
152 76
140 131
42 123
124 197
29 156
49 27
114 134
154 171
145 29
102 95
72 184
96 52
65 35
177 53
109 95
29 132
83 95
32 97
132 74
91 160
67 78
11 189
56 67
43 136
151 102
103 35
9 196
121 11
99 5
83 26
168 61
107 130
4 53
166 56
12 140
42 27
15 99
0 148
196 2
152 184
55 38
106 186
81 124
132 55
132 155
89 91
69 56
157 6
100 198
53 38
61 30
186 105
200 120
106 48
157 12
67 197
112 69
61 158
167 63
200 10
48 106
146 179
159 33
90 185
159 50
142 95
80 154
10 200
200 53
59 83
36 82
125 122
67 108
88 195
34 24
185 10
105 60
62 118
171 177
23 139
181 107
71 159
59 52
19 143
145 181
187 152
149 178
100 129
90 27
0 82
153 157
66 200
10 3
145 111
170 136
51 14
4 82
57 37
91 191
138 162
115 24
48 150
170 42
195 48
31 28
136 36
17 112
188 199
35 133
169 129
23 49
171 62
27 86
88 99
107 140
140 152
59 0
126 92
21 192
62 12
101 37
180 152
82 10
126 85
141 29
117 105
159 47
162 42
160 13
55 160
124 24
143 148
151 14
58 35
91 40
28 148
12 32
89 1
154 41
18 124
95 45
72 48
133 12
116 56
95 190
133 183
164 97
15 192
122 164
175 180
94 128
129 122
76 116
31 179
135 78
95 169
32 142
26 196
8 38
154 103
36 168
84 197
42 199
19 139
188 22
142 116
125 49
183 159
24 47
106 118
191 130
120 170
15 70
124 0
156 114
31 154
97 122
79 186
158 20
4 2
185 74
183 93
124 151
6 37
32 13
123 68
102 85
97 84
73 19
130 112
21 26
136 48
138 177
132 101
87 98
163 194
138 116
175 137
6 177
97 118
169 4
9 193
91 61
43 141
109 83
35 40
160 28
147 23
137 50
178 64
3 52
200 73
145 183
26 190
96 155
97 135
68 181
193 40
162 107
197 153
55 25
137 121
114 85
65 168
195 40
145 53
94 57
159 55
71 79
192 189
133 137
26 75
86 136
24 80
65 105
134 185
70 93
166 37
140 15
126 47
27 180
16 200
1 75
106 186
107 164
28 72
167 19
93 91
151 180
139 178
31 176
27 185
18 20
191 192
102 6
94 30
172 163
115 170
59 31
40 113
84 144
111 130
162 137
11 197
92 76
112 41
62 177
74 14
119 20
41 132
123 18
115 196
136 108
4 69
43 190
62 18
39 106
23 183
98 131
7 152
76 93
43 182
176 115
92 50
176 20
74 125
15 127
175 62
169 178
97 7
133 85
109 180
24 82
149 111
86 160
47 108
84 67
30 153
191 2
152 169
157 103
177 199
141 160
125 193
6 93
111 144
73 133
170 35
99 108
5 10
104 173
140 190
6 148
97 99
124 124
187 57
135 66
39 5
141 75
122 60
57 188
74 109
178 4
160 0
67 31
110 72
115 85
39 39
82 1
1 137
182 19
48 72
6 79
93 76
141 162
170 81
69 26
99 150
158 153
109 96
174 132
6 67
87 91
178 57
86 24
42 83
33 121
191 100
39 110
73 91
3 103
101 186
64 64
198 27
181 162
137 22
156 11
96 5
116 119
154 193
181 37
198 91
7 35
192 18
191 30
174 19
91 197
162 130
100 171
129 30
161 153
24 126
200 64
94 47
64 62
183 8
183 184
136 153
143 81
76 196
158 184
200 175
62 176
145 42
132 167
4 55
199 95
176 164
150 111
196 29
118 47
178 143
101 147
156 94
63 123
71 145
93 72
98 144
86 129
168 164
62 70
3 11
134 102
41 60
104 89
46 65
34 187
113 27
145 186
65 179
66 113
68 184
116 166
156 66
24 58
8 46
186 6
179 35
84 91
11 132
106 199
131 174
94 177
178 4
195 133
99 22
6 138
198 152
179 46
177 55
134 99
102 67
56 62
59 49
34 136
78 60
58 33
20 40
64 7
22 163
104 8
80 108
29 17
160 41
129 108
46 151
191 184
106 176
57 199
12 193
66 51
120 189
116 149
118 109
57 134
179 7
96 93
190 121
144 105
86 109
136 125
99 23
123 12
178 105
121 115
100 37
106 123
77 9
69 121
66 109
180 177
123 27
2 23
8 104
25 133
6 100
29 143
165 159
12 60
63 119
55 26
73 49
199 84
196 37
26 179
15 67
2 60
104 153
132 89
34 6
56 165
94 88
111 52
189 69
181 112
199 69
12 191
129 74
56 143
3 147
15 83
200 170
128 79
188 153
153 29
80 85
119 98
181 18
28 56
145 5
45 122
112 198
45 8
142 48
122 165
79 151
128 58
1 145
161 90
69 69
51 63
55 168
40 154
129 158
55 94
34 14
176 136
77 23
4 137
39 139
60 81
58 54
182 121
143 169
157 163
28 96
150 52
113 106
192 18
143 8
7 75
146 89
130 165
61 25
94 80
102 127
127 37
23 98
48 9
75 182
62 132
5 141
49 3
15 60
170 61
16 48
112 56
146 33
1 111
61 174
90 2
148 44
14 12
153 109
143 26
27 132
158 141
89 58
159 170
87 17
29 51
106 126
192 113
56 154
29 36
47 116
69 134
42 31
46 30
74 66
111 145
43 13
190 186
163 127
61 26
4 43
82 84
141 67
135 107
62 162
2 171
163 99
178 75
68 12
148 88
30 123
152 9
143 178
169 184
136 120
132 72
139 19
31 6
86 140
168 190
41 155
118 23
60 65
97 177
198 63
108 153
152 72
68 188
115 33
111 78
141 115
133 5
68 189
137 70
81 105
99 133
41 105
10 75
129 165
37 113
16 2
146 45
83 25
21 96
182 70
67 77
75 127
96 137
47 89
176 124
71 164
13 132
114 69
171 17
145 122
159 100
68 142
141 9
110 71
29 12
58 73
119 8
39 88
134 14
19 36
19 46
136 185
137 168
132 22
197 57
104 89
51 109
140 180
28 67
77 141
91 110
157 168
92 199
52 112
41 10
145 18
168 57
63 89
109 111
100 80
66 44
161 42
138 200
180 69
7 178
58 193
63 160
112 149
198 177
83 84
89 43
157 87
94 180
112 28
200 36
61 27
40 156
198 97
92 184
28 168
59 143
39 124
36 147
59 137
200 57
183 156
5 133
148 69
41 90
197 85
64 134
35 97
14 174
7 95
11 53
102 23
7 188
1 4
116 102
55 13
186 193
115 78
122 172
40 128
99 128
44 13
137 157
195 138
65 149
101 177
76 194
86 141
87 33
82 78
48 145
54 17
85 151
93 15
92 173
176 8
44 134
182 182
126 193
159 0
133 68
187 71
129 22
127 94
189 128
157 116
162 61
109 176
118 123
6 34
182 42
194 192
112 20
100 120
77 69
110 54
175 180
185 153
142 60
117 139
7 13
101 149
86 196
151 0
50 153
189 104
82 98
151 93
44 71
180 19
169 183
9 17
124 165
3 65
190 129
72 27
47 12
145 139
14 16
87 200
119 95
197 100
188 193
22 51
33 53
138 128
185 58
58 149
142 72
135 5
115 12
8 92
112 27
20 90
155 110
45 139
71 190
85 0
141 15
5 39
92 94
124 191
32 54
190 120
118 57
98 173
164 73
9 74
166 27
71 108
19 72
144 94
33 152
148 117
173 88
104 148
68 139
95 12
196 81
184 84
61 181
132 85
80 196
66 132
36 188
130 13
171 130
53 169
40 50
120 59
145 38
183 178
37 120
137 184
47 27
181 169
182 61
200 43
14 94
154 175
34 103
108 46
178 96
24 128
135 124
37 11
161 51
183 175
17 130
124 112
187 142
87 65
162 106
63 195
172 7
85 133
62 72
181 185
192 168
99 81
40 138
136 16
57 75
165 0
171 167
188 127
125 72
174 93
49 166
178 10
18 57
91 154
126 160
19 8
196 166
189 146
120 147
8 21
91 17
108 155
27 157
81 129
187 3
182 32
172 100
52 34
70 139
33 130
97 112
54 188
67 64
3 185
103 53
5 94
86 181
66 179
33 101
98 25
22 167
136 11
3 82
1 31
171 129
189 149
122 85
160 114
84 72
191 176
159 85
41 152
109 148
163 189
8 166
39 161
9 128
200 18
122 161
193 178
78 25
119 142
103 86
143 130
36 13
119 103
55 42
136 195
177 195
135 198
178 74
64 176
187 81
185 199
107 0
93 111
166 97
145 173
63 137
115 9
42 58
200 8
138 81
41 101
93 25
123 119
126 136
66 13
108 124
91 33
175 167
95 79
111 24
177 93
176 5
125 80
143 100
157 89
140 132
112 165
130 68
82 118
6 14
40 31
166 95
200 84
45 98
165 155
89 68
78 182
152 2
75 63
6 17
152 111
13 49
153 160
196 3
30 120
69 162
62 23
116 18
191 16
68 152
163 111
182 35
16 196
51 167
11 29
71 63
147 182
37 26
80 169
173 162
144 69
142 43
133 159
199 160
6 15
69 37
17 191
112 21
130 15
116 33
36 30
32 191
179 173
63 99
5 8
7 67
35 47
167 132
79 95
191 104
59 18
96 30
78 62
124 50
164 13
90 106
157 176
31 89
126 92
173 90
140 56
172 73
126 102
96 141
146 28
181 63
197 179
23 136
94 190
177 44
154 41
61 131
149 35
61 186
152 108
69 90
65 119
188 62
161 166
9 135
19 30
163 12
168 187
149 193
157 172
66 145
95 153
9 29
30 66
167 108
77 146
60 21
132 95
171 143
15 63
2 146
46 71
9 143
23 56
149 85
45 134
25 72
134 140
16 172
118 39
68 43
72 91
44 30
2 147
103 147
42 66
200 61
200 60
73 22
149 48
36 82
63 174
60 132
118 122
29 110
163 187
195 176
79 19
16 147
54 29
64 96
41 43
172 41
64 129
69 162
116 109
14 17
93 130
25 177
2 110
51 147
149 191
50 163
166 76
60 176
35 46
149 178
90 111
70 24
78 195
74 47
72 142
103 149
151 16
198 89
159 198
192 179
145 130
28 23
199 80
119 76
174 152
29 181
184 30
100 11
36 178
163 93
95 96
140 106
15 150
124 130
2 179
78 185
192 177
17 105
2 157
51 118
196 5
31 82
51 150
135 20
190 132
103 105
84 161
27 157
13 115
150 161
16 176
128 26
138 21
36 150
22 146
109 190
178 135
171 124
155 121
84 87
162 138
190 97
200 134
190 108
63 39
38 141
73 194
116 91
134 22
193 177
103 20
32 69
193 11
153 99
120 120
18 35
31 50
77 177
190 7
91 13
148 105
177 93
16 71
128 16
125 67
195 75
86 78
67 170
136 169
83 124
85 92
146 109
157 72
152 14
144 197
191 98
83 187
131 127
135 131
118 200
161 135
58 56
167 196
31 74
54 195
38 182
47 80
37 155
26 101
69 62
129 1
138 32
119 41
142 2
29 183
72 115
14 164
159 64
181 111
13 170
174 126
137 17
186 12
48 65
197 191
153 176
153 5
7 130
151 128
36 176
200 83
149 77
19 181
31 79
31 121
86 70
28 155
92 84
75 66
13 184
144 11
130 22
111 50
54 93
39 83
37 65
24 181
195 75
108 200
49 79
83 17
92 72
88 170
76 59
30 80
113 119
27 168
199 141
96 170
182 132
31 154
155 92
25 93
149 169
23 60
14 152
36 101
108 159
39 154
161 91
37 193
186 72
117 84
38 149
194 11
20 187
127 179
83 146
18 9
52 5
94 151
54 7
168 127
66 128
115 140
11 93
61 40
64 99
108 114
119 39
184 39
7 1
16 0
45 100
118 40
182 117
17 20
53 135
128 39
92 18
37 194
193 19
127 44
150 69
144 16
27 49
54 119
72 10
81 96
194 2
158 73
5 93
122 164
187 130
101 181
95 187
130 180
21 158
155 187
118 128
109 101
143 172
60 5
195 128
149 44
16 166
154 36
158 14
107 12
22 124
116 23
92 36
86 46
140 24
113 188
51 123
85 110
185 18
86 66
117 195
81 155
176 70
195 123
34 166
43 131
167 189
28 17
73 136
152 82
153 0
161 15
120 107
137 66
129 15
86 17
1 98
196 0
90 20
194 103
5 14
125 171
149 82
186 136
59 188
107 111
135 139
75 87
99 107
86 86
125 149
155 16
179 156
147 23
49 57
19 174
136 194
87 15
102 118
131 169
50 152
169 157
172 111
60 100
40 124
49 63
21 38
31 121
103 42
116 177
62 3
105 108
142 67
177 167
64 47
168 113
0 131
53 50
186 24
100 137
140 26
175 4
44 129
8 4
3 124
55 61
126 97
78 77
118 166
131 52
178 103
177 45
193 40
164 48
164 75
13 131
198 110
150 125
190 126
108 170
21 59
184 19
136 138
4 32
195 66
42 124
85 130
193 139
102 188
64 165
131 36
157 137
84 22
40 114
36 132
125 111
125 37
127 189
147 14
190 57
27 195
61 28
8 91
168 158
153 97
186 20
128 114
11 43
145 112
140 97
82 170
4 69
50 39
61 145
175 9
93 54
17 78
188 91
17 32
50 11
163 110
158 154
134 195
100 149
92 71
196 17
45 132
152 54
138 108
133 171
80 160
62 73
190 44
140 103
31 134
43 179
70 22
107 42
82 200
113 74
200 60
86 129
187 15
123 188
82 146
83 62
7 80
60 145
123 91
21 63
135 122
38 92
17 137
50 70
108 32
125 61
3 6
43 171
18 160
28 128
121 145
120 101
114 174
182 133
56 24
131 188
186 29
33 98
131 140
90 31
29 112
18 141
147 71
72 112
89 130
63 147
137 93
81 100
82 33
23 148
164 9
70 101
196 179
74 91
45 137
159 183
198 192
30 89
151 200
169 163
92 148
155 5
91 138
174 92
102 143
20 36
2 169
190 190
135 81
114 112
72 81
75 121
88 111
95 63
74 165
42 119
8 158
81 170
113 131
142 99
59 27
55 25
140 182
57 160
85 80
34 26
168 20
175 149
21 14
110 4
12 178
61 41
157 15
200 141
127 184
138 35
118 45
61 196
19 163
67 61
80 59
128 165
164 1
57 110
13 195
36 91
160 3
22 78
66 156
153 168
198 173
87 160
174 94
37 127
128 138
96 66
194 112
151 90
83 144
167 101
152 54
85 44
39 54
43 193
48 16
115 46
99 120
123 23
100 192
151 170
2 103
195 130
107 119
99 194
71 198
110 122
54 87
178 74
99 74
39 133
63 110
56 64
52 111
172 86
13 139
91 46
97 30
16 88
46 88
50 100
133 38
197 186
144 168
1 86
19 113
81 24
166 63
45 18
181 107
118 58
1 34
194 131
170 5
157 52
101 119
1 147
160 43
89 124
57 47
50 27
39 124
125 188
64 48
91 66
54 96
16 106
143 150
26 25
144 67
196 200
117 62
177 111
65 17
38 114
113 143
118 119
85 40
123 189
10 117
182 103
199 65
44 63
143 15
186 44
86 93
96 182
43 84
25 192
77 12
125 41
125 143
47 18
117 51
16 27
145 181
105 181
159 29
127 28
99 79
112 87
171 65
135 113
84 133
137 133
80 28
108 15
74 146
55 152
137 158
17 197
166 94
192 116
133 101
149 9
61 43
107 193
23 150
70 53
28 16
26 124
3 86
183 109
149 55
86 137
127 76
189 38
185 142
43 58
49 7
148 21
121 72
187 200
108 89
135 103
170 172
174 89
80 0
67 135
154 191
95 158
66 105
24 75
97 105
197 94
90 46
83 136
199 28
64 10
47 133
15 183
152 150
188 182
144 160
146 1
198 68
158 41
24 84
92 169
171 141
132 148
178 60
115 176
188 100
9 77
189 115
174 185
146 185
30 22
152 121
0 185
146 18
199 105
122 155
86 195
187 23
82 175
1 175
198 51
63 162
162 13
141 46
80 133
183 102
164 22
109 7
134 56
31 96
101 4
50 165
73 1
141 61
22 145
88 121
95 91
94 122
119 137
184 77
58 165
35 43
190 12
54 31
59 24
148 115
8 41
129 41
44 141
16 151
191 122
131 2
23 89
123 140
160 18
38 61
124 144
197 80
36 68
195 27
179 146
29 164
182 191
123 159
57 169
197 102
194 33
50 115
67 177
17 83
16 128
55 25
121 155
47 30
9 129
178 14
28 56
131 49
199 40
126 76
179 137
165 1
150 117
8 132
44 82
127 144
11 97
8 174
17 182
199 6
121 70
172 99
30 83
160 150
148 73
21 51
33 107
198 115
133 1
7 48
11 107
125 175
28 61
81 51
113 63
39 125
139 35
126 61
179 121
50 42
84 138
112 200
166 159
58 173
182 86
6 31
102 171
15 123
83 148
97 140
84 159
163 58
51 126
25 199
172 61
143 163
34 92
139 139
101 163
11 104
0 50
10 91
38 15
141 65
69 175
99 97
39 141
151 90
36 197
177 57
85 121
2 137
26 97
154 27
65 51
71 126
43 139
42 86
163 43
6 42
27 83
175 106
50 103
141 50
4 35
7 96
80 9
143 167
90 185
37 1
131 48
43 197
155 108
88 162
170 28
54 186
173 160
37 73
88 28
128 178
200 111
180 133
172 143
151 102
191 129
96 57
46 149
34 128
87 115
191 76
60 83
143 16
75 162
181 3
132 157
168 160
171 193
148 42
70 97
61 138
148 126
15 166
130 72
92 184
177 176
168 170
100 140
16 99
56 28
127 10
78 124
37 28
56 168
7 80
47 196
81 5
122 124
192 103
132 199
108 142
31 24
90 0
4 14
10 7
34 25
66 167
100 193
38 179
151 133
2 109
79 93
182 4
113 188
168 50
64 155
50 21
129 102
175 127
6 109
146 198
123 195
142 17
105 6
52 95
13 197
117 99
147 25
7 80
126 71
33 24
127 123
72 50
24 109
76 163
158 174
97 4
68 152
180 37
69 84
174 60
64 176
175 88
123 25
167 29
79 163
108 184
180 17
73 54
49 144
76 200
162 63
196 170
175 123
12 162
49 192
108 35
114 184
132 3
88 21
100 52
156 195
192 43
15 66
33 197
18 93
144 193
28 118
18 70
71 88
171 28
120 79
38 81
0 23
156 178
79 166
117 111
74 127
158 80
63 103
32 43
2 63
103 15
45 56
30 128
165 42
161 95
153 110
98 49
159 62
178 180
187 81
62 173
27 33
170 124
37 169
194 102
65 152
150 199
24 132
31 169
79 185
97 161
140 13
191 81
21 104
35 142
173 90
196 76
119 68
38 108
101 190
188 48
176 178
153 60
199 97
190 71
77 95
168 157
111 83
38 88
111 165
11 53
32 91
12 72
188 80
147 140
26 92
157 136
15 104
167 192
174 72
162 171
40 115
45 150
90 3
177 149
200 16
14 163
119 195
40 107
21 68
200 112
130 171
132 106
136 135
67 13
26 46
79 141
159 58
79 94
4 157
127 111
20 22
181 121
192 194
66 106
116 154
169 38
7 115
102 147
56 159
115 111
157 60
39 67
94 41
57 143
187 172
58 122
15 58
159 181
115 23
131 78
5 187
9 82
4 144
44 58
59 82
34 7
186 29
171 47
17 117
178 27
97 6
186 70
189 150
14 192
189 38
4 138
43 149
196 103
83 188
120 194
124 116
198 50
121 65
159 70
50 91
35 90
35 10
77 150
100 52
167 127
93 53
4 4
119 105
170 155
74 115
186 135
26 166
154 105
52 20
44 24
125 35
11 1
63 8
76 80
80 19
106 124
155 82
195 44
20 10
127 16
41 192
188 37
133 21
112 44
160 7
184 100
139 70
178 164
81 156
53 169
123 13
120 197
119 183
178 29
7 137
1 80
55 132
116 80
184 3
67 115
82 63
41 77
96 13
78 110
156 42
180 53
41 171
137 101
196 35
53 187
102 22
196 71
61 25
154 113
8 115
185 23
15 51
34 171
21 163
120 8
8 15
152 62
193 37
146 73
18 184
10 151
32 102
172 167
31 61
56 118
97 37
31 118
131 8
93 95
103 38
12 154
129 35
17 159
39 18
50 52
181 116
11 42
20 56
2 73
113 29
32 103
189 53
132 67
87 53
63 4
19 130
41 198
165 28
7 2
73 12
38 162
66 7
44 44
36 59
185 144
103 181
96 20
156 164
145 121
40 132
102 89
132 26
7 4
184 154
154 2
67 71
50 20
157 162
137 162
87 70
152 40
2 46
6 146
156 36
17 15
41 136
140 134
141 13
132 94
97 150
157 118
103 81
76 28
159 118
41 78
40 160
136 183
139 108
103 167
143 32
49 105
178 9
108 119
86 84
77 53
66 141
81 25
104 21
90 91
17 133
63 60
120 29
113 140
97 150
185 140
104 24
124 109
87 0
7 188
83 86
86 57
71 132
176 5
12 35
75 114
4 17
148 200
137 108
97 167
40 15
84 22
49 105
127 83
135 94
93 59
57 55
170 113
35 127
24 9
147 183
60 90
110 75
99 180
156 92
14 180
83 126
52 3
45 84
103 153
27 46
14 195
37 129
41 71
141 151
173 24
147 140
80 69
191 6
160 62
124 156
172 84
168 93
54 115
26 56
35 117
82 81
20 143
138 111
167 22
137 19
197 62
94 81
192 114
178 33
147 193
83 42
123 166
177 128
120 73
189 61
110 121
34 163
135 120
34 158
149 59
139 27
96 59
172 154
26 103
152 118
147 86
141 54
13 38
19 39
34 3
5 20
24 127
42 66
179 161
94 43
84 102
137 127
111 16
23 159
14 144
79 53
40 127
50 110
143 45
65 187
154 159
99 61
107 165
115 164
124 193
174 129
193 14
11 60
45 40
159 137
81 174
20 105
139 1
46 176
156 62
171 174
34 36
108 15
173 114
168 52
78 166
167 138
47 52
20 93
132 22
188 198
165 138
61 168
191 183
157 197
17 116
49 60
114 198
189 195
99 30
34 179
87 117
87 37
75 189
84 195
164 134
71 111
175 24
140 145
114 119
193 70
162 192
20 148
103 41
174 56
27 123
50 100
141 169
108 111
5 83
113 127
151 131
6 167
198 78
2 133
156 162
198 27
34 71
23 32
170 171
64 111
102 129
145 31
12 84
9 180
38 19
64 121
176 191
60 94
150 28
49 191
103 166
99 38
126 4
57 9
18 1
73 3
106 177
196 153
78 187
127 143
54 140
107 172
92 84
116 76
183 134
97 156
137 122
180 120
55 103
24 175
172 41
56 57
1 61
140 84
24 185
7 67
1 90
79 80
11 161
176 56
28 150
28 48
112 133
170 100
195 34
79 62
6 184
177 199
91 156
185 67
166 90
104 93
163 30
189 53
44 49
165 82
81 181
140 102
76 171
177 121
15 199
143 109
146 145
86 120
134 197
4 78
120 141
46 81
188 192
197 108
88 145
165 151
154 48
13 161
105 140
158 189
74 171
48 158
132 195
47 30
190 58
79 31
148 161
186 165
179 25
88 119
11 182
125 171
138 155
63 63
50 175
14 22
54 89
149 103
154 17
128 33
55 140
137 126
136 116
149 32
112 39
92 34
171 61
32 184
142 173
178 63
158 60
192 119
141 39
13 85
75 83
73 110
159 0
128 24
86 82
155 21
73 184
149 115
191 148
119 84
89 24
184 99
64 131
36 113
83 82
141 164
156 64
30 91
197 70
37 69
183 74
135 105
100 87
51 162
116 134
171 122
130 100
198 154
157 72
58 192
107 187
39 39
31 175
19 10
189 49
10 175
79 193
50 174
109 49
165 135
84 8
183 142
84 167
92 66
20 97
90 58
26 160
142 118
38 51
85 50
54 144
199 36
95 80
43 33
82 57
60 62
196 32
13 174
141 12
96 134
29 131
88 60
182 190
6 52
144 126
24 135
191 102
50 191
137 100
183 23
100 19
188 162
3 144
100 23
31 42
50 34
81 74
187 134
156 76
85 139
184 60
19 147
124 38
109 8
181 131
170 66
195 30
161 28
169 200
14 35
28 189
185 195
157 101
120 106
76 99
26 35
17 52
181 120
198 24
23 83
108 29
80 181
139 8
125 69
188 81
180 186
78 46
199 71
144 78
163 136
12 16
139 86
139 108
169 112
101 166
199 163
7 69
50 42
188 157
105 192
102 192
176 101
154 62
198 183
137 49
1 55
188 44
135 79
117 135
119 48
161 103
10 104
12 147
53 29
197 148
72 127
49 150
18 77
173 78
79 59
113 8
179 118
141 103
121 177
1 80
192 181
43 158
157 139
102 72
141 90
61 109
158 162
189 2
86 51
68 70
69 134
193 99
62 30
188 129
113 38
78 46
47 119
28 186
68 23
5 148
59 79
177 75
118 49
72 81
93 46
146 3
157 26
161 87
11 188
40 114
60 70
195 31
193 160
21 167
195 88
6 101
71 144
196 175
83 51
50 61
50 33
18 142
117 32
100 196
17 124
162 60
46 52
24 27
25 93
185 171
0 73
152 180
192 153
185 143
162 157
114 121
161 163
194 31
90 96
120 118
159 105
2 8
33 147
56 54
2 173
22 34
131 117
10 136
196 135
165 195
198 16
182 61
166 26
112 66
91 62
82 55
70 184
61 180
70 191
107 104
174 43
129 197
16 35
81 152
156 163
60 189
36 6
176 80
72 133
139 191
138 78
132 117
122 192
82 180
50 195
38 20
51 81
78 77
125 192
61 150
5 136
37 193
180 149
189 30
138 11
153 90
34 19
198 171
156 148
5 65
146 30
151 64
47 187
126 7
124 98
17 140
0 191
129 128
200 140
123 80
164 136
41 61
42 190
177 131
114 183
120 8
130 60
63 111
126 36
76 81
24 54
155 16
14 193
114 164
82 191
4 67
181 190
110 192
186 68
10 182
95 120
173 192
187 67
172 47
53 146
21 87
49 70
135 107
101 121
172 67
178 157
20 26
157 104
128 50
83 148
35 67
30 142
58 66
92 14
85 29
166 64
106 187
199 156
65 73
64 197
94 133
179 77
85 101
47 117
168 178
95 63
164 162
78 189
177 135
3 109
129 139
83 72
64 121
85 15
170 59
33 144
26 63
160 16
53 127
117 148
89 172
71 24
30 106
46 69
47 78
86 79
51 128
174 99
3 161
181 74
183 158
124 161
110 125
124 39
171 145
123 105
184 111
185 192
97 128
197 170
179 13
152 49
108 79
83 166
55 61
116 78
136 1
194 51
141 103
23 85
17 105
12 0
115 109
97 21
109 154
178 119
113 5
184 148
140 66
46 96
5 135
104 144
113 192
175 93
70 137
91 183
45 29
110 109
105 102
132 61
137 29
61 68
26 200
195 171
77 106
157 52
99 140
113 8
33 35
25 5
102 193
32 146
167 101
113 46
14 62
134 197
106 36
62 157
147 190
115 4
58 173
29 103
110 86
154 119
88 79
53 89
5 183
89 7
8 47
114 25
20 5
116 197
130 33
89 45
180 157
22 115
9 57
165 143
167 180
59 11
13 150
76 165
163 158
148 100
148 128
74 147
164 9
165 197
77 50
87 158
102 191
65 146
49 35
47 46
160 17
72 121
45 59
26 125
100 27
126 164
75 59
175 115
110 110
74 20
77 18
148 74
158 191
23 158
8 184
100 173
128 132
132 57
195 91
160 24
190 123
99 71
192 87
135 110
5 14
166 160
0 50
29 89
127 179
5 85
100 166
187 12
103 3
97 52
47 176
64 163
55 129
29 38
146 169
30 49
101 42
63 143
20 158
26 63
154 63
89 155
173 101
196 2
175 52
141 127
60 64
48 74
8 158
66 79
197 4
81 40
141 148
104 131
38 197
36 188
174 134
36 155
79 183
154 143
184 2
19 148
113 122
16 179
113 80
8 104
101 98
90 94
109 148
62 77
89 67
54 51
80 140
42 188
23 55
184 53
52 126
186 176
34 100
104 200
186 48
148 131
189 13
191 135
107 189
41 24
55 8
57 72
186 197
149 138
196 130
27 84
85 77
135 136
132 1
160 151
189 117
177 32
22 149
119 5
139 196
130 86
129 170
108 127
112 99
3 112
152 76
12 30
115 7
146 122
4 176
85 184
16 187
148 72
161 92
20 12
0 174
142 172
66 184
56 17
167 116
145 169
66 80
178 81
72 143
20 56
15 126
87 9
185 177
170 113
129 130
23 42
23 149
159 134
127 150
39 98
76 113
168 100
104 163
7 176
61 191
91 102
40 170
95 156
22 148
27 187
12 121
180 48
15 75
22 18
57 89
114 137
121 85
194 54
76 118
156 118
199 66
150 66
186 51
63 41
188 170
83 61
4 64
190 157
52 130
131 122
152 9
5 31
123 159
54 128
5 4
138 63
120 1
117 6
180 90
91 160
58 145
110 88
170 131
110 47
40 71
25 19
92 195
39 3
23 162
192 165
40 94
15 12
179 104
78 98
187 66
197 15
126 153
152 197
119 78
148 91
140 47
194 62
126 101
90 166
95 6
151 85
34 148
80 30
98 6
29 133
160 126
138 130
87 120
152 120
174 124
37 70
26 195
177 41
51 191
145 78
42 71
115 27
124 190
152 155
174 172
130 50
44 133
112 58
6 166
191 161
21 139
137 1
54 169
158 1
64 178
95 83
119 73
172 90
180 153
36 96
25 128
159 129
99 0
182 106
35 160
136 53
119 61
110 183
122 78
187 137
184 59
64 3
79 126
12 163
28 181
45 8
139 87
63 35
85 168
30 172
53 177
162 72
18 146
76 186
111 22
109 45
96 113
99 177
178 9
45 136
77 197
76 15
122 65
13 197
91 18
118 75
108 0
18 139
159 197
62 8
156 63
120 33
150 17
117 170
31 155
135 143
50 37
128 46
158 137
33 106
173 176
191 132
113 74
145 139
144 97
105 186
28 78
9 76
189 198
8 4
47 70
162 130
53 146
102 190
12 154
84 71
42 27
84 165
168 39
145 107
59 7
47 153
77 142
27 171
23 168
57 126
57 20
51 117
87 44
159 163
45 73
177 2
123 111
133 31
164 113
96 72
26 134
54 39
10 118
136 72
185 95
172 155
85 100
123 175
50 133
39 3
146 27
133 38
189 154
62 76
190 123
139 151
95 33
109 31
48 128
0 191
110 173
198 92
163 131
109 103
122 5
66 115
89 184
196 136
150 47
31 42
36 109
46 65
37 159
186 26
98 47
152 71
175 136
83 137
106 118
74 171
9 57
1 181
26 124
107 172
11 147
69 157
124 46
0 196
57 142
19 25
82 22
111 121
175 133
15 3
88 124
140 64
12 127
77 28
62 120
170 33
92 148
10 150
108 81
116 56
53 113
81 190
155 166
72 94
153 156
107 94
112 170
25 38
185 57
161 78
113 135
150 160
86 38
63 106
25 178
172 72
93 195
193 59
94 25
153 193
181 80
93 106
53 194
9 178
62 186
195 167
80 42
175 96
15 52
65 116
28 145
112 137
83 197
165 54
31 101
21 95
129 112
162 127
84 5
85 103
192 139
94 9
124 107
147 156
172 6
65 108
131 121
104 144
162 28
72 133
133 138
183 192
119 149
71 126
91 112
200 157
20 41
138 108
162 137
161 177
30 197
143 21
154 44
118 87
72 14
123 189
122 63
189 200
33 104
107 131
38 195
114 32
198 118
130 64
38 13
62 112
49 29
13 38
104 42
72 48
13 49
38 175
100 79
49 112
33 106
71 128
24 16
111 62
129 19
160 87
146 82
85 30
96 119
159 161
23 87
15 134
54 68
38 128
90 11
126 122
57 45
89 154
40 128
107 100
96 43
152 199
198 187
79 118
106 136
17 126
39 52
196 130
193 79
22 92
1 154
171 155
14 118
67 166
11 15
37 131
199 155
37 105
157 119
34 200
113 175
4 61
23 156
9 108
197 17
89 168
141 135
52 162
150 56
124 104
47 85
129 6
105 74
183 151
82 115
18 127
68 138
20 167
199 87
148 161
180 86
142 169
47 198
5 15
43 151
197 73
77 137
186 26
157 28
74 180
100 181
126 168
33 80
32 93
45 27
43 81
42 24
177 134
21 24
188 184
141 194
81 44
195 172
15 188
34 100
145 107
145 123
148 174
196 34
40 176
17 159
115 121
167 114
177 18
117 94
12 75
112 121
172 45
196 64
168 88
104 56
1 18
50 115
155 49
117 170
118 58
142 34
65 122
108 109
176 174
8 55
171 95
134 105
157 159
106 58
175 118
25 128
81 184
34 15
193 128
50 66
46 139
183 123
171 160
6 125
154 123
71 183
35 79
72 112
2 34
173 193
24 100
166 90
28 105
98 155
188 48
75 31
36 178
101 8
148 190
11 151
92 122
8 108
171 12
50 113
117 181
63 83
169 10
116 27
166 55
100 75
186 33
112 25
122 136
88 67
125 82
152 48
133 22
31 173
141 17
109 95
177 136
112 36
67 127
92 179
141 46
76 179
19 188
132 90
59 120
53 137
191 107
30 184
106 151
83 138
69 187
21 9
137 121
40 42
0 158
113 43
194 33
175 145
174 9
147 115
60 117
171 176
91 156
168 199
64 109
194 86
86 144
126 28
134 87
151 165
20 29
63 33
148 32
26 160
11 185
130 78
38 28
75 124
108 63
105 133
168 65
20 91
191 65
41 186
178 28
173 73
64 96
92 187
107 46
170 192
199 107
61 10
84 197
2 146
69 109
136 79
57 139
6 165
43 134
37 119
14 151
65 77
129 132
140 83
24 148
162 109
23 53
19 156
59 158
153 36
135 12
1 120
162 165
95 53
71 86
89 178
162 57
38 152
158 66
135 38
131 139
149 79
76 134
53 147
64 64
178 135
135 182
110 168
58 3
111 195
199 173
32 66
23 153
109 92
45 193
139 23
114 76
155 123
115 113
83 84
101 73
180 96
2 115
122 45
127 61
64 3
129 161
180 144
84 36
38 41
78 139
20 89
176 121
147 93
145 194
12 49
66 64
89 43
61 55
65 0
114 155
140 194
91 187
44 175
14 47
117 121
189 57
1 31
50 123
140 85
65 51
174 114
142 99
110 74
125 17
134 161
200 56
50 110
2 102
0 123
69 18
109 66
106 93
170 121
155 121
27 160
52 132
111 0
184 24
114 87
104 157
86 64
85 93
30 159
93 117
86 121
177 62
80 18
101 52
95 12
67 93
89 184
124 18
137 143
85 95
98 0
74 95
93 117
174 118
179 186
41 44
1 59
73 168
130 85
106 87
166 149
62 33
82 111
164 106
33 29
94 23
147 196
114 26
133 164
184 126
91 175
173 88
164 125
107 78
132 63
112 182
192 45
33 18
138 85
4 199
138 185
123 127
26 88
195 189
91 169
72 182
167 161
107 196
150 135
54 185
107 47
141 183
160 188
138 24
107 116
66 37
105 18
129 8
157 101
14 41
93 3
105 59
189 139
73 17
105 82
186 32
185 166
1 109
40 90
60 186
187 174
147 110
8 29
32 128
39 185
108 76
9 101
188 130
153 23
30 135
57 81
173 34
184 116
80 157
99 11
31 54
15 75
140 197
144 179
122 146
139 99
156 75
72 88
108 135
150 105
7 146
31 88
78 63
176 109
89 120
30 17
88 109
3 198
176 83
61 102
18 170
62 62
96 1
83 110
150 144
43 27
133 98
21 148
100 28
51 63
14 16
100 108
67 137
164 19
19 0
39 88
116 174
25 80
115 118
112 124
93 30
23 167
73 109
38 39
20 40
80 35
3 17
182 120
81 118
96 196
126 27
19 37
19 45
129 138
104 174
34 70
197 56
170 150
55 165
83 92
104 55
182 81
34 93
186 128
110 147
82 49
104 105
87 167
24 84
111 10
51 39
36 161
73 121
182 139
152 31
132 20
95 63
154 10
187 180
0 28
5 171
157 9
141 32
137 159
174 54
22 101
113 188
45 7
129 179
81 124
127 194
12 85
95 131
73 144
144 129
105 195
125 75
56 20
18 157
153 153
17 52
68 192
121 38
97 29
173 91
184 185
28 130
154 17
185 67
24 199
136 86
12 127
70 178
175 90
19 91
82 0
143 14
19 76
199 98
57 87
24 50
152 29
154 193
44 152
103 66
38 120
64 123
6 38
5 170
199 82
175 43
163 171
123 120
42 180
41 67
59 163
127 152
41 127
141 143
13 192
197 183
39 168
140 34
151 157
175 68
175 190
174 159
191 47
128 178
3 64
28 70
186 87
92 39
187 167
59 168
182 100
126 95
79 195
39 20
25 44
170 120
46 166
47 116
85 83
12 165
3 72
11 190
99 95
82 152
90 54
196 117
106 6
28 198
158 9
81 92
85 165
129 73
95 191
4 182
186 75
68 71
174 157
28 113
121 2
144 147
68 96
16 184
143 191
149 138
108 105
59 144
103 18
129 110
187 6
49 5
44 54
62 175
132 45
30 192
64 158
25 54
135 73
185 3
121 191
58 112
149 164
4 44
55 67
98 188
108 28
160 172
163 20
191 195
110 0
180 69
5 150
185 79
190 145
186 138
166 92
85 37
146 122
5 3
20 84
125 162
142 140
185 82
48 144
66 39
12 161
29 131
3 86
149 175
48 121
194 70
166 20
9 193
127 11
101 183
143 55
96 88
8 5
57 69
164 77
110 163
125 106
54 195
77 109
197 83
57 60
151 81
52 2
135 189
90 143
164 111
23 82
44 187
14 6
7 176
185 165
60 58
19 10
151 91
143 62
52 35
5 136
130 160
101 145
146 177
109 143
158 167
134 128
70 178
119 58
67 48
14 71
13 166
97 66
57 40
131 168
147 4
124 162
111 22
25 165
8 199
46 23
162 143
36 80
23 46
102 27
92 124
70 147
180 118
102 72
37 77
152 129
4 178
184 44
104 194
60 121
50 111
146 146
14 46
96 23
150 98
47 124
198 42
35 97
136 182
176 10
124 147
189 26
5 66
189 137
81 79
70 174
155 62
197 32
11 34
111 187
70 171
120 186
40 173
110 34
152 8
111 162
87 14
151 90
145 173
22 142
12 95
52 20
124 13
66 93
4 69
151 25
22 144
155 100
98 68
36 150
170 12
106 140
75 163
177 42
131 28
29 194
167 5
130 175
107 177
157 143
133 163
197 83
105 63
117 113
107 47
13 95
47 99
24 123
138 200
39 4
128 35
172 70
163 183
55 122
169 114
144 153
92 15
119 140
169 39
86 1
139 144
115 160
66 126
7 147
10 200
78 192
140 95
118 75
73 115
53 163
194 188
81 154
189 153
76 109
137 45
195 134
166 25
163 1
83 50
95 84
126 106
48 148
87 6
0 123
90 190
63 155
177 99
135 15
84 36
45 105
55 27
124 126
177 45
14 4
104 6
84 14
85 37
76 197
16 54
72 98
141 167
58 171
59 68
80 73
3 31
61 28
150 60
200 185
7 196
165 197
130 79
172 195
39 92
76 131
102 130
127 115
181 67
132 163
123 167
77 138
112 135
98 152
112 32
41 14
111 46
156 167
89 11
197 30
192 97
28 138
180 175
131 58
157 6
157 26
44 154
7 51
148 71
37 171
0 112
119 15
198 48
50 121
188 177
56 145
136 184
178 50
26 104
168 17
73 35
192 21
121 73
174 196
105 179
87 69
52 49
98 128
98 191
27 180
161 82
178 124
57 3
83 106
163 89
158 45
24 69
179 56
121 136
123 108
167 192
83 129
0 62
171 123
39 71
135 137
170 151
187 150
10 20
13 95
108 158
48 159
198 71
129 32
37 67
8 108
195 128
30 70
32 128
8 176
123 36
157 39
96 60
46 168
140 112
108 196
111 84
56 91
135 140
132 196
200 169
75 153
200 178
25 125
137 35
89 155
23 186
15 49
1 78
167 55
2 168
72 183
21 54
55 27
199 44
156 129
18 200
151 143
103 58
54 193
174 168
130 90
129 78
106 134
3 5
43 187
175 25
197 97
94 137
195 102
64 118
44 124
185 179
153 24
24 124
193 159
191 32
35 42
33 174
76 185
50 55
77 29
32 178
86 179
91 17
181 31
20 111
5 121
51 198
25 51
82 41
113 156
52 40
160 134
45 156
40 142
141 168
158 5
159 130
71 129
183 127
196 107
89 165
192 35
90 161
11 109
53 166
177 71
95 130
89 96
121 113
11 38
199 177
37 199
68 97
91 200
67 27
46 198
123 38
154 175
0 133
45 52
51 131
97 120
105 106
153 1
49 110
33 34
39 183
90 191
150 63
84 129
117 33
196 74
111 141
53 62
46 119
34 197
120 106
82 135
123 166
30 3
149 165
82 145
67 63
138 185
86 22
26 5
45 102
139 171
172 174
155 87
116 60
64 45
29 200
4 88
162 92
146 80
140 160
45 140
34 161
185 39
42 188
160 95
155 129
119 69
24 150
31 76
11 121
83 176
32 75
119 149
181 110
195 163
28 7
150 189
141 32
52 117
161 134
127 189
190 143
168 165
76 124
141 57
46 59
194 35
195 111
63 139
149 168
53 83
13 36
91 152
138 52
9 175
181 196
126 21
179 190
10 67
132 101
29 172
134 111
161 8
186 115
80 193
71 191
135 193
121 160
97 125
26 50
24 135
19 82
131 198
135 183
96 184
79 16
166 126
1 76
139 196
78 80
113 149
196 50
93 148
110 30
148 95
1 82
56 25
175 175
187 49
31 153
152 175
27 35
40 139
94 149
69 199
8 108
117 29
87 167
38 0
147 195
50 112
91 116
128 102
160 160
165 137
4 144
168 116
49 181
49 84
119 97
48 74
190 191
22 97
146 61
37 81
196 128
103 104
193 177
9 174
129 47
34 86
72 53
7 185
109 107
168 156
114 98
25 108
40 119
48 182
28 75
200 143
140 19
68 124
77 158
187 197
66 102
190 157
164 67
18 14
114 51
163 192
126 132
190 74
137 72
90 186
197 73
28 196
76 39
154 172
177 46
19 178
168 6
97 35
2 186
161 52
73 188
150 47
18 53
65 140
178 132
69 2
57 102
171 53
46 104
13 195
172 46
149 156
124 5
74 182
127 24
193 0
56 37
27 163
39 153
50 79
26 195
33 55
187 168
48 13
122 118
126 125
162 170
200 64
122 1
129 85
75 92
93 3
35 18
183 148
42 82
91 148
0 118
78 110
139 188
89 84
84 23
108 36
22 47
155 189
197 101
140 132
4 124
45 107
179 50
188 33
114 117
131 37
181 97
84 119
141 121
88 128
180 177
23 170
139 88
99 156
59 180
189 106
136 198
54 114
14 110
10 95
74 129
24 109
81 172
145 1
64 30
108 79
172 60
123 4
25 180
32 109
70 61
84 40
156 199
140 197
25 53
116 126
58 77
132 66
172 35
21 43
129 173
94 7
110 137
130 49
160 141
71 17
95 12
155 107
178 95
189 46
80 40
14 157
86 117
101 104
10 183
8 174
33 1
119 170
37 94
193 108
17 64
168 83
13 155
47 185
99 19
88 46
144 44
198 81
139 50
200 33
75 143
6 16
198 57
82 31
154 29
147 180
49 147
122 189
73 93
168 33
60 145
44 163
139 168
168 60
75 72
121 56
164 121
61 122
28 7
82 180
169 127
106 132
33 106
95 176
124 74
51 156
144 155
160 184
8 97
190 10
64 38
52 54
58 102
173 16
9 3
152 75
90 165
119 81
59 113
90 199
0 34
3 51
172 18
139 175
159 190
182 59
96 33
183 47
191 59
100 37
156 74
194 8
143 185
111 163
41 175
9 15
150 173
191 129
16 38
143 196
52 23
51 118
72 198
36 1
163 107
35 136
183 94
114 1
21 59
192 96
86 160
194 62
120 1
30 8
74 147
23 104
33 124
113 46
33 84
29 171
4 195
20 54
36 82
178 148
173 91
114 118
121 74
122 75
17 13
149 19
15 85
64 83
133 70
182 2
39 112
78 180
154 16
195 11
108 125
151 191
160 137
70 25
132 108
1 179
35 76
120 3
5 189
18 85
92 168
142 94
142 145
126 66
187 104
88 118
68 27
6 152
78 140
106 40
123 21
84 200
105 108
91 180
156 74
133 39
117 24
194 108
54 90
139 124
37 118
166 179
47 10
176 49
123 111
160 116
126 164
76 41
2 121
98 182
95 162
166 183
124 199
122 4
56 44
21 144
11 66
40 174
109 160
9 94
180 141
68 101
45 172
66 179
192 165
156 166
131 62
152 176
34 38
193 38
98 132
176 78
189 105
176 62
61 190
194 200
149 7
31 111
160 77
136 180
183 93
138 100
8 178
86 58
109 19
85 38
177 19
66 93
153 120
14 171
34 18
137 195
162 113
160 34
70 191
34 154
26 177
58 4
164 56
73 159
108 12
142 159
42 162
73 135
156 19
129 166
119 182
185 78
162 22
136 65
185 75
127 6
198 109
4 191
145 176
35 199
81 12
40 18
62 173
36 89
72 152
110 26
35 163
19 43
176 62
125 46
90 137
74 138
68 124
151 159
52 68
18 26
95 60
185 0
2 117
137 61
101 181
151 79
68 55
173 110
108 106
143 194
161 10
176 70
30 54
148 186
162 153
34 3
17 91
28 57
21 112
95 24
97 146
197 136
150 134
84 111
131 0
122 42
139 87
8 1
59 110
15 51
73 10
109 199
178 135
105 193
18 72
85 8
89 194
171 134
178 62
181 40
76 18
61 122
54 181
184 5
25 160
107 72
148 42
6 21
144 176
145 172
138 47
78 151
179 187
167 60
146 61
114 62
199 186
195 45
121 185
178 126
53 18
160 105
171 171
65 187
183 102
83 75
53 153
68 141
124 76
57 107
58 59
158 96
197 31
88 170
134 200
179 162
30 45
62 35
174 13
111 104
1 88
147 100
179 143
82 52
152 45
23 172
103 173
128 125
96 185
160 124
21 127
93 114
104 151
150 1
87 17
124 111
14 178
42 156
65 38
159 192
40 36
143 85
90 146
176 74
191 184
31 19
144 76
76 183
56 24
48 60
166 200
114 105
11 120
167 200
140 63
82 5
199 152
94 27
188 0
128 182
21 75
151 140
126 45
191 185
64 8
20 60
192 115
184 152
82 44
113 106
77 142
133 148
145 151
166 58
130 64
25 162
76 89
165 9
55 71
190 175
87 55
56 144
40 155
189 144
5 182
40 136
20 155
143 154
146 151
66 151
177 16
75 155
1 167
10 18
194 90
183 35
14 167
11 118
57 59
99 99
168 187
30 114
119 188
187 145
192 94
152 152
80 162
49 132
83 153
10 153
2 69
171 119
136 5
149 198
173 18
49 110
76 37
105 50
33 26
39 42
183 187
42 118
89 128
97 200
147 72
47 168
51 146
99 107
81 186
11 40
196 17
15 138
56 176
181 191
14 101
167 23
35 96
64 154
11 144
97 197
138 115
89 14
141 136
19 133
185 158
109 138
17 15
44 144
59 137
35 190
87 73
175 16
11 149
16 33
37 108
200 175
85 94
109 134
79 4
51 17
154 40
103 171
83 63
50 53
68 106
68 29
27 44
165 159
118 200
81 177
78 157
112 108
74 69
95 58
149 185
8 34
50 178
41 138
146 92
142 89
181 99
169 48
20 32
5 147
3 67
8 14
131 126
165 45
199 117
71 171
91 163
52 154
176 127
89 86
8 153
118 123
15 6
102 186
64 168
151 37
70 113
130 140
5 7
73 200
22 67
95 173
95 68
156 32
123 67
179 113
28 82
200 181
164 95
186 35
158 90
153 179
187 97
3 188
181 111
54 157
148 72
112 98
54 180
152 57
152 5
120 37
183 182
20 184
163 2
47 50
167 2
186 104
68 194
196 170
26 97
163 180
129 58
168 130
33 60
58 196
99 177
111 103
85 161
18 30
174 142
182 197
162 9
197 52
174 103
65 8
0 108
171 119
124 161
127 154
15 24
100 15
3 61
30 194
15 64
125 184
46 86
35 109
109 49
189 44
190 97
10 90
44 192
25 181
69 141
107 146
95 113
198 6
11 140
165 16
169 19
186 61
58 48
74 82
177 102
80 137
144 85
173 150
85 117
78 158
78 26
6 36
116 120
106 91
39 108
140 108
108 8
65 98
195 124
125 183
109 79
169 41
58 100
51 7
9 75
134 70
5 180
101 160
126 93
65 16
25 73
5 74
187 75
183 194
152 193
135 42
16 188
123 81
65 16
129 20
76 75
178 156
86 39
163 71
169 63
6 87
161 149
60 86
24 127
91 102
43 182
166 185
84 93
90 179
136 23
160 73
111 73
112 182
185 185
185 187
171 8
29 99
49 104
130 9
52 36
198 154
123 151
140 84
158 55
141 113
9 154
27 112
90 193
185 7
112 62
180 195
68 127
35 135
34 168
72 53
37 133
27 61
12 148
82 41
189 119
2 187
52 39
10 186
126 81
10 113
69 54
101 184
143 165
153 92
25 30
151 100
189 173
81 121
48 166
108 117
23 59
34 90
196 182
97 118
63 96
89 161
21 67
191 43
132 51
178 9
186 8
120 98
37 200
79 20
23 131
134 96
194 175
42 122
115 167
7 116
91 15
80 80
72 26
194 28
51 31
59 6
37 73
89 74
124 125
91 2
195 96
41 128
166 18
83 16
38 58
125 102
110 46
57 127
170 66
70 161
0 59
95 108
153 69
95 9
84 132
151 171
123 127
180 95
115 22
197 114
68 123
92 193
77 96
37 154
5 132
87 69
96 191
138 162
113 159
167 157
60 142
109 126
123 163
2 10
118 21
172 87
36 152
28 150
48 110
10 37
50 43
0 162
106 50
196 57
136 21
187 39
55 194
137 153
190 182
138 66
7 90
84 72
119 170
180 141
157 132
195 19
71 49
176 106
23 46
71 162
149 189
38 24
124 189
3 7
59 178
72 107
41 74
190 9
16 120
27 157
10 8
68 195
178 159
80 185
21 153
167 71
118 160
70 178
165 113
83 147
52 196
113 13
173 111
154 67
144 78
53 165
80 11
95 50
123 58
100 75
86 51
75 120
166 129
154 159
51 49
175 168
125 118
24 169
157 160
125 93
34 144
58 89
180 196
40 57
160 26
141 178
125 81
42 132
91 90
123 45
96 37
152 146
108 71
141 65
4 116
165 152
194 156
17 7
194 147
161 169
188 166
63 21
70 38
88 10
181 177
18 63
46 169
64 118
137 79
0 45
49 124
159 103
58 158
48 192
149 44
162 87
163 3
122 94
179 168
38 198
23 67
60 133
155 43
93 157
62 147
21 137
88 26
100 3
9 147
197 97
86 89
32 116
12 53
127 168
9 47
54 85
61 151
122 3
35 108
195 68
28 111
33 194
180 14
134 38
108 57
76 111
194 20
143 172
167 60
134 180
30 132
29 161
173 184
35 174
14 117
169 195
101 70
84 43
144 183
181 139
124 181
182 138
120 179
10 49
64 153
130 145
64 162
198 193
170 142
49 34
104 52
135 74
13 132
119 113
48 157
141 67
45 69
177 52
55 200
94 140
14 21
78 46
68 69
40 72
196 67
87 32
114 149
133 183
105 134
102 82
36 126
199 10
140 128
20 121
52 100
93 40
180 25
88 171
30 48
6 180
58 8
90 27
180 20
19 0
54 84
76 11
121 30
170 167
7 118
178 191
78 182
87 138
97 184
197 25
34 186
162 150
179 104
147 189
146 62
115 154
100 133
31 78
65 97
2 8
9 94
71 34
112 3
20 159
66 175
189 116
148 92
65 29
145 184
142 154
57 35
185 64
158 61
77 191
64 110
26 56
195 102
46 122
61 46
163 16
160 76
99 195
148 191
121 8
90 149
20 162
113 84
55 109
3 141
190 110
170 105
123 54
91 197
124 31
119 43
83 143
41 127
193 82
66 20
174 18
19 150
41 147
95 79
95 182
133 198
23 112
112 171
140 171
132 175
155 136
57 92
17 119
198 72
4 141
54 123
182 46
190 194
6 105
142 31
101 41
77 103
139 195
190 137
200 156
136 101
129 77
173 150
128 162
167 29
175 68
185 136
63 113
100 93
27 175
168 15
71 31
189 133
157 16
155 138
109 164
119 159
114 122
114 187
121 92
58 13
14 5
38 184
115 45
37 143
167 49
95 105
91 19
137 13
19 7
25 57
177 57
152 12
16 49
75 16
84 199
199 164
60 48
79 195
63 120
175 48
25 37
171 120
11 189
85 34
163 0
180 141
73 74
102 125
72 194
172 193
133 82
35 151
2 44
151 15
128 183
82 126
190 191
119 56
24 35
54 109
147 176
195 107
72 155
49 35
130 184
92 9
194 185
136 198
165 105
106 37
40 113
129 26
101 155
98 162
26 12
18 184
146 174
65 187
173 192
41 184
160 77
140 29
31 196
190 89
136 58
131 117
104 73
199 177
6 87
43 130
102 17
169 48
178 187
174 153
48 186
82 171
139 150
35 102
2 7
59 19
65 6
116 4
58 124
153 94
54 134
138 64
33 80
32 52
87 49
154 90
182 85
81 190
4 38
49 1
35 159
200 169
11 135
94 184
8 64
57 103
182 58
42 160
92 28
119 36
149 200
194 114
65 92
90 91
101 184
55 137
100 79
173 199
82 191
179 11
11 177
196 154
38 66
90 13
74 29
1 65
131 69
193 51
131 71
38 161
62 43
106 70
67 166
130 195
38 161
71 109
89 15
48 150
178 48
158 57
181 138
43 131
160 36
76 10
175 103
60 185
102 15
65 101
101 81
14 87
180 130
95 66
185 77
10 42
61 167
154 133
194 16
31 87
79 178
190 111
35 42
20 77
17 44
179 179
67 165
129 198
9 88
93 173
68 58
75 176
177 196
85 49
41 127
33 172
163 39
85 155
73 187
200 22
31 3
139 55
1 130
78 147
75 65
197 5
89 42
127 46
95 99
55 136
197 171
132 70
161 10
43 55
5 156
76 98
148 48
69 123
13 113
7 115
138 128
67 1
64 107
50 138
6 180
189 140
34 174
136 87
118 38
41 135
179 166
165 28
133 45
4 131
189 34
152 176
191 30
192 47
130 55
26 114
130 118
5 90
18 0
85 109
125 58
122 152
85 122
191 118
109 133
166 30
133 127
131 36
8 189
143 2
96 161
160 83
20 122
150 150
152 185
188 105
176 180
181 136
0 102
52 163
50 154
115 149
26 161
122 105
72 47
27 84
29 122
109 132
162 108
37 65
160 110
45 59
189 143
2 32
174 53
180 109
83 139
73 162
1 112
89 171
54 134
40 123
8 6
19 177
126 90
30 124
164 102
65 101
132 67
179 169
103 131
70 187
30 120
172 85
124 95
45 161
160 139
196 83
140 15
32 100
98 186
98 148
139 38
21 2
134 6
23 145
78 9
153 45
41 167
80 10
22 70
121 92
10 50
45 57
17 39
20 191
29 188
184 24
168 102
117 124
125 44
60 182
68 5
122 178
144 68
198 169
148 1
109 191
187 138
65 30
95 13
87 175
127 12
198 143
0 56
26 146
93 80
16 88
122 0
126 87
126 194
184 181
17 98
127 115
16 87
24 176
53 22
21 3
85 116
11 183
58 197
188 198
140 76
195 27
49 90
159 136
179 31
8 192
140 143
184 73
170 68
124 185
31 34
172 93
80 7
168 114
79 87
110 174
56 128
64 159
82 161
3 57
178 65
168 72
139 161
175 81
6 119
195 185
134 25
105 43
158 39
46 87
45 33
137 175
26 176
85 154
187 172
200 45
53 103
102 72
15 128
15 1
92 190
173 41
6 150
190 9
101 152
60 133
196 152
72 181
69 101
23 1
195 3
14 82
2 122
188 186
52 77
126 85
123 103
77 189
139 39
12 112
199 162
187 93
115 185
98 148
140 84
140 20
147 58
26 143
164 157
173 140
63 10
188 1
171 19
2 50
8 100
177 62
75 134
84 114
192 121
103 33
88 135
103 80
174 152
91 150
194 32
37 16
194 82
193 75
61 111
138 126
127 142
191 174
116 149
6 39
101 29
48 137
10 140
182 73
153 111
56 158
198 120
33 6
92 173
30 97
80 40
70 95
89 32
104 29
51 157
16 42
148 147
74 191
175 67
144 23
83 42
151 17
121 21
2 197
146 78
19 72
120 7
144 161
62 138
173 72
23 136
44 108
88 187
66 161
172 27
37 99
197 61
39 46
122 102
58 58
41 197
3 127
120 66
169 98
54 104
9 115
185 127
93 109
160 33
53 58
6 4
168 32
78 106
143 26
108 18
142 179
167 156
115 119
93 160
151 173
98 108
200 38
74 145
138 146
13 72
121 119
40 190
121 190
19 41
169 91
15 51
14 99
35 134
25 183
155 198
59 199
81 1
142 145
110 128
179 29
106 141
40 169
99 112
107 18
114 39
21 103
199 170
141 41
29 126
147 105
144 56
137 81
72 104
169 17
191 32
56 88
79 168
26 49
134 87
119 82
14 135
98 131
176 86
6 88
57 136
62 118
193 43
54 190
24 129
102 94
191 68
146 192
158 111
86 151
103 12
56 165
44 64
23 161
22 87
4 70
120 48
163 45
135 25
66 19
72 53
144 93
115 104
191 160
79 29
58 88
56 66
5 194
141 56
82 151
190 146
188 113
96 161
134 156
92 47
136 3
92 0
58 172
89 177
104 39
58 93
179 173
46 135
56 10
171 170
193 169
108 143
128 183
162 198
107 46
101 179
59 121
21 27
13 136
156 17
1 175
29 160
149 185
65 173
171 55
48 14
29 17
156 174
106 35
122 167
126 107
73 131
38 7
53 196
21 113
171 198
69 137
190 39
103 102
149 93
74 110
177 164
80 44
145 154
42 40
169 171
79 24
34 103
85 153
188 40
9 110
7 130
75 173
27 139
113 34
22 186
71 99
172 41
108 59
42 2
143 65
159 170
175 32
85 177
171 72
161 137
124 68
154 136
90 70
126 7
50 64
93 160
24 37
74 46
84 12
33 92
12 93
137 67
119 97
154 9
39 46
89 54
48 65
4 127
141 95
96 35
2 89
106 106
92 35
13 47
180 27
86 60
134 153
186 139
125 24
142 198
26 143
61 121
67 32
122 166
157 194
13 187
30 184
94 20
131 103
89 32
130 184
15 67
141 116
64 128
7 170
21 64
73 137
164 97
1 53
198 111
17 20
129 121
34 176
181 16
76 31
167 88
125 31
159 54
51 67
200 13
75 81
156 97
97 26
142 196
91 20
131 44
5 194
56 172
135 64
168 117
107 126
25 143
7 10
155 33
151 3
107 8
15 11
75 169
45 114
10 140
139 2
168 97
3 178
86 193
141 116
136 118
90 192
103 157
188 18
7 11
32 166
195 39
20 140
160 113
67 188
144 65
181 134
85 183
6 40
25 39
106 141
156 130
200 66
85 83
106 25
86 32
162 188
55 132
155 11
169 115
165 155
124 98
32 197
176 84
38 151
111 146
200 164
100 91
48 113
42 187
55 143
178 74
143 103
196 84
166 78
139 8
93 8
44 143
191 187
159 86
196 50
101 15
33 180
76 57
124 121
169 54
115 65
12 170
65 15
95 99
120 97
89 86
28 77
72 125
65 59
162 130
173 44
178 152
121 181
132 146
59 149
56 105
93 32
145 42
154 9
87 98
35 34
124 67
92 135
121 91
125 180
77 36
139 139
37 115
85 56
28 103
58 166
150 167
90 13
154 48
19 5
134 34
13 63
79 102
181 147
30 78
110 140
196 131
137 56
154 168
109 31
178 79
149 35
18 47
134 103
23 87
34 193
50 182
97 106
193 152
167 103
6 3
75 194
164 85
140 192
132 42
18 179
114 47
167 166
37 12
188 1
50 125
54 102
25 60
42 146
43 48
112 175
64 131
187 188
69 8
54 87
184 181
181 156
131 180
90 89
179 108
126 179
159 163
97 98
20 172
90 182
182 144
35 198
45 70
142 10
34 188
89 143
51 182
140 147
33 111
106 140
128 87
111 129
114 123
159 25
9 195
110 184
108 2
43 196
2 70
150 138
25 50
15 26
103 112
143 185
9 122
83 32
60 101
35 81
23 144
98 179
79 46
132 122
37 177
83 140
77 25
192 47
98 95
122 38
180 76
15 84
100 157
97 192
78 85
184 133
85 73
82 34
7 109
101 61
138 183
29 23
74 189
27 18
39 64
111 82
115 91
124 92
40 40
142 157
86 107
128 70
149 150
92 64
180 45
39 76
156 180
170 3
29 133
194 81
8 18
125 145
107 103
103 173
136 175
1 58
71 196
177 122
176 171
126 161
167 37
125 25
12 98
22 195
155 12
94 21
134 197
162 170
102 54
114 178
45 61
17 105
121 189
155 100
198 94
62 102
91 61
173 176
107 82
45 143
81 92
115 73
182 113
95 77
8 175
129 126
87 152
162 76
54 162
6 84
150 108
200 198
145 55
39 130
157 186
184 188
82 38
179 106
25 70
19 41
67 65
64 51
180 51
25 68
160 106
82 151
81 120
49 41
18 48
140 66
97 73
130 108
69 182
114 190
193 132
122 38
111 77
78 71
35 165
93 150
46 115
54 59
51 140
34 143
116 16
200 43
3 7
103 18
54 138
54 70
79 153
27 16
133 32
65 152
23 7
159 136
156 103
77 64
86 20
73 142
149 32
195 82
76 117
164 89
119 4
73 103
137 1
72 41
135 11
48 44
165 1
82 75
84 36
177 124
52 47
171 55
194 69
14 75
140 174
44 180
176 161
149 18
68 177
140 73
130 67
134 26
62 195
119 118
69 30
55 92
195 196
36 155
28 175
184 96
55 150
174 139
103 84
58 148
13 156
10 57
118 57
131 40
40 179
18 88
113 174
69 183
175 79
180 188
47 144
44 21
81 110
164 28
189 45
129 71
130 5
136 84
157 192
36 130
118 154
140 97
73 0
132 169
195 132
132 87
55 200
51 93
19 43
88 195
61 100
112 123
90 187
93 26
150 156
112 180
46 198
118 44
123 189
33 145
171 178
155 176
5 113
103 169
102 77
68 170
146 165
93 118
170 77
182 165
176 85
52 70
30 191
15 61
186 47
1 92
24 176
172 128
176 29
94 83
119 3
93 190
183 23
111 13
49 135
56 40
40 4
59 89
114 60
58 86
147 161
138 195
87 68
136 43
185 143
28 78
155 153
50 179
183 129
18 59
65 181
142 180
10 86
9 161
178 199
144 10
9 44
128 89
0 159
120 92
71 183
143 82
152 100
199 137
161 49
89 23
165 94
104 137
121 24
24 101
104 81
193 155
102 77
73 133
161 147
101 28
67 75
32 151
69 45
156 103
10 129
86 1
135 47
42 183
6 68
79 17
43 191
21 88
113 104
155 49
71 168
47 171
172 152
189 111
106 110
20 70
101 36
33 4
1 181
53 88
43 71
75 128
155 24
54 187
19 127
10 161
160 179
109 7
44 91
8 137
97 177
196 101
85 3
75 167
126 193
131 1
169 118
33 59
183 89
188 198
111 148
21 36
5 80
34 148
158 55
160 30
183 111
184 18
187 142
45 53
167 2
64 111
6 193
7 116
181 30
1 22
77 34
47 111
22 138
174 150
184 57
77 56
27 93
116 132
174 178