200
170 47
151 77
184 166
52 111
12 198
166 119
50 53
110 5
109 5
95 197
97 145
173 21
105 65
48 7
180 146
89 102
137 11
39 167
121 55
7 181
58 106
86 157
147 88
170 29
120 180
175 17
174 63
94 52
129 180
134 51
157 174
85 136
112 12
146 53
45 34
100 22
121 137
182 163
43 153
180 165
172 31
85 69
74 84
121 78
122 167
5 171
183 142
75 77
46 101
45 1
77 156
112 163
18 58
83 199
2 11
138 95
45 27
1 111
60 104
197 71
150 167
70 193
159 71
195 131
18 77
126 190
48 181
163 3
53 36
49 147
66 28
198 62
15 55
159 156
95 108
9 142
181 37
48 127
163 139
27 53
50 77
114 196
70 179
39 18
131 14
165 140
127 17
117 127
102 135
56 50
90 124
13 99
196 74
48 29
90 122
65 112
11 29
50 182
88 75
96 123
154 78
167 76
147 40
10 149
166 35
18 14
173 180
136 61
76 143
174 165
31 4
195 122
100 7
25 136
149 37
29 159
81 144
53 2
67 93
195 7
170 57
104 79
31 43
23 26
15 38
69 155
1 4
3 42
91 18
21 166
34 91
158 2
142 118
131 199
75 158
168 189
90 174
134 119
74 194
69 158
169 134
197 108
114 169
141 125
134 169
173 86
76 115
146 8
97 54
155 47
191 174
89 134
13 63
155 43
68 104
127 36
134 52
4 142
150 86
76 76
32 31
134 99
6 117
142 190
132 200
69 183
61 17
118 7
154 170
166 37
42 169
68 54
105 93
107 10
199 94
156 128
51 25
37 173
159 189
195 50
88 200
1 197
43 91
57 65
117 3
90 62
19 40
91 55
33 151
72 47
5 66
66 9
62 196
143 164
110 18
83 5
150 169
57 129
106 51
122 104
141 62
57 92
49 165
58 16
194 19
123 58
66 182
179 197
113 87
17 185
1 63
78 43
69 69
118 99
175 114
162 100
98 191
99 100
37 144
150 7
83 49
34 9
133 110
93 154
5 90
173 30
194 27
111 106
10 88
125 120
111 39
197 168
122 3
152 1
128 16
113 1
126 97
97 185
62 51
148 97
87 180
58 33
192 32
120 118
85 145
77 31
94 91
128 81
165 53
178 166
0 27
155 38
168 21
34 118
101 148
57 66
193 119
22 89
168 89
44 55
109 98
113 123
94 161
69 58
177 48
120 130
178 111
130 190
108 126
25 195
97 52
9 56
144 61
140 51
10 139
116 162
135 115
191 111
71 63
174 51
162 33
13 21
32 16
175 57
135 19
47 78
50 180
47 83
162 90
194 98
23 157
195 159
154 22
55 69
179 92
97 25
155 128
110 21
148 75
198 154
194 17
52 112
174 85
179 126
186 90
65 34
157 63
130 180
176 97
116 68
29 0
50 72
157 196
180 33
152 5
50 54
144 80
118 174
55 163
135 158
130 8
130 79
36 33
170 99
170 42
77 4
47 189
92 33
141 83
174 26
69 134
128 149
118 51
94 174
31 58
192 2
169 95
86 138
29 48
106 42
135 171
28 64
124 194
142 118
136 74
27 116
62 149
132 70
124 30
62 85
168 174
23 76
5 90
153 152
124 69
46 17
42 195
119 199
94 51
104 115
165 102
118 160
75 136
106 187
92 33
162 107
27 188
90 169
36 42
141 166
126 3
186 12
187 192
29 10
173 188
137 165
131 173
27 199
141 200
72 76
154 118
91 200
23 65
83 158
122 6
44 83
152 147
97 77
102 183
93 163
29 90
126 175
94 63
5 140
31 154
73 4
144 163
43 35
199 49
100 127
159 37
162 147
148 48
133 105
30 60
132 171
169 106
27 41
147 76
31 33
131 100
157 106
80 196
144 116
40 84
95 153
185 195
115 127
88 82
117 21
21 74
181 49
143 157
158 70
146 198
84 145
138 119
199 37
183 23
154 181
119 182
161 183
112 156
83 120
169 159
84 198
106 110
5 118
24 185
95 65
44 72
162 35
172 147
92 156
89 135
124 184
179 66
178 145
15 60
47 200
132 55
151 146
98 195
143 146
110 129
132 19
187 69
0 161
151 31
183 70
118 194
130 128
142 29
46 198
2 178
59 159
7 1
156 26
85 17
182 53
15 18
56 10
44 177
151 130
116 43
160 93
199 182
4 82
77 143
96 53
170 146
13 103
89 52
55 41
56 56
4 121
55 174
27 94
123 6
158 187
35 64
12 96
59 25
179 145
53 50
139 119
87 83
192 52
59 34
129 108
44 174
109 154
177 64
175 137
148 1
99 70
46 91
170 98
200 161
6 141
171 136
86 103
151 15
124 174
83 68
148 54
169 77
95 146
61 41
173 57
179 132
27 46
20 28
164 98
125 187
18 117
198 98
1 71
200 29
32 127
180 194
189 109
48 132
15 43
58 167
147 177
37 164
20 42
113 107
52 48
199 126
153 123
144 11
186 175
108 70
36 60
35 141
52 146
48 85
183 68
60 81
139 104
4 183
15 18
173 61
193 142
0 153
6 66
143 114
128 138
160 30
36 175
164 110
175 122
28 84
69 159
8 75
188 102
74 117
167 104
40 7
27 178
150 141
63 153
195 119
20 155
136 23
117 172
4 2
67 172
109 134
190 5
150 101
132 167
84 148
108 81
51 129
182 13
156 141
107 191
160 183
24 196
78 154
40 32
95 128
86 123
70 81
15 108
1 90
90 35
161 35
44 14
137 142
2 52
138 91
190 127
65 67
19 181
101 138
187 44
198 193
176 51
58 82
47 176
191 170
86 73
0 78
113 82
68 62
151 29
129 49
26 177
0 61
102 193
163 173
86 57
159 159
149 93
126 69
15 100
193 5
113 118
92 62
109 14
74 17
175 146
28 93
17 118
183 103
163 19
13 103
22 130
99 144
173 158
44 198
39 138
133 175
111 62
192 155
164 193
165 42
154 172
129 180
48 189
200 143
154 153
81 87
51 55
114 162
89 167
170 121
48 52
192 25
157 165
145 5
77 29
27 28
64 133
192 136
13 47
134 109
162 17
146 46
27 20
55 158
180 12
47 174
1 73
63 12
140 159
110 178
6 60
86 120
99 2
48 152
37 184
158 146
84 3
183 61
139 130
106 102
50 45
143 61
23 65
121 133
173 10
86 185
49 43
139 184
170 169
66 109
189 43
1 184
128 181
85 51
74 104
20 146
77 67
197 197
173 156
15 41
139 83
131 60
38 55
96 193
38 90
109 78
150 85
79 126
62 147
81 162
135 111
120 1
61 89
65 48
87 104
162 196
139 100
8 96
86 58
85 4
131 27
166 32
98 19
2 111
143 11
36 122
8 40
132 140
61 120
47 151
111 30
127 37
26 116
90 149
0 156
170 133
130 9
112 161
65 28
19 64
110 0
10 200
23 33
192 148
160 37
137 75
29 107
66 24
45 163
95 26
37 194
17 70
149 94
152 50
99 159
120 121
177 123
97 10
15 93
137 19
138 160
67 85
90 170
127 36
114 7
30 178
2 193
53 175
7 98
111 181
133 110
143 144
55 60
119 104
117 63
50 169
177 43
163 142
7 59
112 3
149 160
42 108
73 199
185 86
160 58
5 99
172 31
127 127
40 85
10 58
7 155
38 47
189 38
48 122
187 139
133 176
3 74
149 28
197 63
59 144
70 133
162 34
27 198
154 183
58 64
52 184
111 130
119 64
38 45
0 23
108 68
6 70
196 22
85 183
48 46
192 160
177 169
173 106
55 40
52 84
90 51
36 200
180 102
94 153
82 25
150 16
70 4
190 126
42 73
148 199
146 19
94 59
37 118
53 12
137 73
35 194
6 10
158 197
74 22
186 172
80 199
135 142
109 119
0 171
60 70
12 7
159 144
23 9
65 164
153 107
17 200
41 114
121 32
93 95
126 133
30 130
162 110
158 168
32 11
165 124
110 142
31 8
74 53
3 48
93 23
99 171
123 143
35 166
82 95
123 111
24 57
6 16
51 129
109 2
78 8
101 44
7 78
30 71
126 65
47 18
134 2
152 13
97 163
19 15
32 172
94 166
71 78
80 109
87 91
96 28
88 46
58 66
160 120
102 63
180 68
131 131
162 0
116 22
187 142
148 6
73 47
172 6
29 199
195 121
41 180
79 191
13 110
144 156
198 69
149 24
30 85
18 90
167 174
6 129
9 120
194 100
27 20
170 197
36 90
47 43
45 76
32 119
171 25
159 15
93 6
195 172
35 73
57 84
152 123
1 145
86 26
3 155
176 54
180 15
133 51
154 178
98 140
80 119
11 108
2 68
69 162
32 99
44 63
188 14
45 27
101 179
197 50
31 46
98 15
80 105
23 44
159 39
87 103
190 147
68 69
120 193
61 200
182 102
141 5
167 121
43 81
186 149
168 154
112 10
199 107
49 42
82 185
184 12
170 161
165 12
12 73
66 193
158 79
129 25
63 75
3 200
45 133
107 73
9 109
114 133
140 149
24 110
61 1
2 59
9 16
175 11
66 140
61 186
167 133
183 104
46 116
121 179
51 178
112 48
186 166
190 82
21 115
32 142
135 59
84 87
172 34
36 72
197 86
163 112
145 142
69 13
145 6
76 92
26 13
62 17
61 192
18 178
164 83
103 172
10 9
156 5
168 94
141 180
81 6
106 82
156 168
26 113
150 90
101 46
130 59
126 120
169 91
191 169
120 185
18 146
198 82
7 190
117 190
125 192
45 103
85 33
6 59
162 136
199 32
35 45
111 106
78 164
145 119
160 56
56 125
126 49
159 57
55 78
93 66
107 170
180 140
100 170
183 57
58 75
2 12
186 198
161 58
11 8
47 178
134 159
182 3
117 34
176 19
46 94
9 158
123 92
190 165
181 61
188 22
27 120
99 137
64 115
92 147
49 63
165 166
8 157
60 54
122 46
186 86
68 156
69 40
53 132
82 78
24 55
40 116
36 133
196 78
145 154
122 20
191 117
46 114
120 165
87 98
61 121
90 148
51 46
42 81
197 46
138 22
140 104
124 148
4 157
144 79
53 41
94 162
152 69
195 89
153 176
180 155
20 160
55 191
81 1
57 143
67 183
95 179
23 22
179 142
96 98
84 160
77 172
169 13
198 128
73 136
144 37
131 99
63 122
21 3
61 5
111 11
91 114
150 43
57 21
11 128
96 177
11 26
21 161
148 4
168 154
127 72
192 5
23 67
63 140
70 42
137 68
101 40
125 65
69 132
184 123
68 105
127 188
113 43
23 138
144 144
84 86
14 180
171 40
138 46
165 175
64 179
7 197
20 183
107 101
129 14
114 8
83 133
93 71
38 147
93 119
48 84
71 6
182 189
95 136
7 45
130 73
60 84
50 91
53 138
177 13
99 142
170 121
76 18
146 98
144 101
1 113
122 190
12 154
19 79
130 91
36 95
180 122
141 74
31 40
43 178
14 89
128 97
1 43
177 90
194 147
90 147
73 180
61 141
38 159
11 92
5 7
164 41
97 188
165 104
194 118
49 63
51 13
112 138
72 43
195 14
35 116
20 122
23 183
102 183
34 187
94 105
15 7
155 16
152 97
16 68
152 89
82 138
74 98
158 34
194 112
53 41
19 106
65 192
193 142
105 197
158 135
189 66
41 168
156 193
48 186
116 82
154 82
104 144
21 8
102 185
150 176
101 33
185 47
10 76
67 63
96 108
141 128
34 19
96 163
176 0
134 43
169 107
108 60
44 186
74 184
119 160
111 2
54 136
72 159
198 25
35 142
142 91
36 177
192 72
103 42
1 54
109 128
92 112
98 119
187 31
105 193
114 43
11 18
75 63
43 9
151 117
80 7
6 0
17 23
18 118
1 101
105 93
50 22
122 20
197 181
54 83
126 28
191 171
170 68
88 66
30 31
76 145
27 179
97 131
1 178
77 174
32 158
173 177
155 180
63 187
59 21
110 143
14 133
74 34
156 177
146 83
160 93
79 100
113 102
79 113
66 147
121 106
58 31
50 37
61 19
184 124
119 180
87 141
63 155
190 3
116 146
80 186
169 60
176 31
89 57
93 77
78 21
44 20
54 8
6 157
182 78
152 36
187 19
157 125
111 9
19 178
18 81
118 179
43 119
76 194
166 159
100 42
107 198
147 18
62 126
97 30
11 197
132 70
126 179
97 130
112 125
83 151
189 62
177 187
80 134
184 185
54 74
122 160
111 14
160 173
153 99
163 8
79 93
106 110
38 101
140 18
113 108
166 1
169 66
170 29
45 2
66 140
152 191
105 38
23 189
154 15
151 93
25 11
56 193
29 172
78 144
100 54
97 58
56 64
122 28
123 68
118 83
70 51
122 155
188 143
17 68
27 160
75 112
45 53
149 96
65 194
79 69
65 35
195 0
99 54
39 112
133 177
174 164
90 154
128 43
74 62
185 14
168 123
119 150
93 77
15 26
67 58
110 8
51 178
20 74
112 35
77 97
10 150
122 149
58 96
92 200
183 104
177 111
24 138
197 167
55 89
26 70
148 116
159 187
116 142
126 126
93 13
163 54
146 159
106 197
13 192
103 67
106 13
81 168
11 92
173 178
9 150
42 121
72 39
112 102
96 156
108 90
110 163
117 29
140 26
102 97
52 160
90 184
21 71
172 149
200 135
23 69
38 138
189 128
191 34
141 52
199 161
186 93
65 13
97 198
82 163
149 148
192 168
114 3
171 122
67 14
173 84
62 21
180 133
110 62
119 53
11 195
135 122
189 64
122 115
137 189
192 92
138 74
42 182
194 109
151 99
96 194
160 93
138 88
31 30
187 190
165 168
95 18
196 122
102 200
18 195
113 135
24 184
126 134
45 140
157 82
68 22
148 94
8 65
123 148
66 198
63 90
27 130
13 116
166 13
188 18
48 15
161 9
141 156
40 83
42 160
50 176
138 137
38 36
25 12
80 187
91 99
96 167
65 180
112 153
67 99
68 49
143 132
136 144
147 162
130 135
28 158
83 81
196 10
153 173
15 102
68 185
89 154
105 9
54 105
108 187
143 174
35 78
7 146
181 172
96 167
16 147
135 12
177 134
86 174
171 32
64 49
71 5
94 111
63 87
56 182
116 62
191 50
46 158
56 11
53 98
128 32
168 89
182 45
0 131
0 86
168 109
100 165
34 77
45 129
108 85
77 190
54 127
159 168
43 120
185 161
46 103
111 165
131 67
174 57
13 145
191 71
78 176
147 26
183 145
171 23
121 181
112 156
53 148
103 181
113 195
75 186
45 130
123 97
6 61
106 105
127 193
54 149
101 188
52 104
45 147
37 97
146 104
54 41
101 164
139 65
104 187
64 145
18 8
192 84
48 39
194 125
84 148
148 9
154 145
135 117
48 115
42 140
161 194
40 15
90 199
16 28
125 135
48 101
143 19
25 85
127 35
165 158
130 132
131 193
150 67
181 83
75 13
174 112
174 152
52 51
82 39
106 188
112 188
178 54
13 13
71 7
64 147
137 127
155 22
10 87
84 123
55 43
109 99
105 33
89 20
199 20
40 150
159 117
100 138
184 143
21 80
30 21
41 109
79 38
123 164
160 142
49 95
88 99
57 141
93 193
133 115
8 98
1 16
134 11
16 149
17 199
143 111
153 34
178 182
94 55
7 54
5 131
174 102
27 120
136 128
82 14
77 36
102 142
115 31
135 178
158 29
42 156
188 169
104 147
24 153
176 146
193 131
29 145
53 148
143 49
133 134
179 34
10 157
23 132
27 8
77 85
82 134
139 144
27 172
127 118
161 185
116 49
125 86
137 47
80 3
128 20
2 153
11 22
135 142
186 2
103 27
126 80
137 94
3 200
61 57
8 145
67 49
125 87
152 30
119 35
49 112
98 185
198 125
150 4
13 99
84 200
65 175
133 36
125 81
35 37
159 104
85 181
20 197
164 155
51 133
16 167
57 191
18 114
55 141
21 1
111 25
115 11
32 13
118 140
154 11
174 150
53 138
120 156
76 30
32 51
94 36
168 69
120 127
37 16
12 103
57 69
10 70
43 164
161 147
42 145
128 117
156 104
108 29
170 127
55 35
183 66
110 169
130 63
185 92
42 142
168 100
184 62
53 34
191 30
160 125
38 65
132 77
81 59
75 40
164 139
25 82
180 160
178 153
151 60
20 1
100 136
160 127
163 29
67 62
30 139
50 31
49 35
85 8
2 118
173 198
186 137
151 149
72 152
25 125
21 118
184 107
22 195
97 72
107 109
187 66
193 183
181 83
115 109
66 25
145 157
174 65
134 55
142 59
64 185
5 116
100 191
198 161
85 68
149 143
47 56
153 143
173 12
78 193
20 53
44 173
160 148
197 147
126 19
127 149
88 91
11 64
4 85
3 124
137 22
195 74
27 107
178 159
142 35
152 176
109 52
175 137
68 172
111 0
95 57
172 88
29 118
40 71
194 31
125 120
42 4
58 143
164 41
179 81
85 87
44 101
8 147
189 61
51 159
192 114
132 1
126 81
20 130
155 94
0 15
125 3
68 140
188 119
126 53
108 38
41 125
7 43
183 15
11 131
191 187
24 128
42 110
167 48
147 56
76 77
127 194
167 1
133 21
142 5
62 11
60 200
160 77
137 125
138 180
99 115
100 181
28 65
88 52
179 116
63 74
50 64
80 4
193 87
192 112
58 68
70 4
164 174
88 104
169 78
31 105
92 74
172 18
179 36
156 173
18 107
167 182
77 194
143 196
126 142
34 140
130 73
112 58
62 135
32 70
13 115
38 106
138 81
90 172
25 173
154 133
43 73
57 27
38 118
145 9
44 120
143 128
180 22
83 121
134 200
55 183
47 25
57 163
113 163
143 143
57 26
198 182
192 110
178 20
129 72
16 14
179 150
75 23
70 35
60 188
107 40
25 116
34 46
73 158
175 149
1 74
117 167
157 25
53 133
28 55
131 191
108 7
62 70
9 65
92 106
14 162
106 92
88 61
69 85
178 172
178 153
4 146
58 2
30 93
56 21
77 155
32 78
53 14
178 6
25 30
22 8
165 14
51 100
31 31
75 160
51 58
13 192
119 59
102 168
89 47
123 153
99 192
95 3
152 107
199 15
170 100
171 95
42 55
197 91
171 30
180 199
78 178
113 147
189 162
146 80
30 148
94 110
1 51
189 182
183 117
104 19
123 37
49 124
53 186
70 2
137 88
132 109
175 64
23 65
90 70
79 140
113 30
38 84
151 88
142 49
197 86
6 63
127 170
38 57
4 93
128 35
11 139
117 71
122 196
5 30
187 58
62 71
131 142
117 100
182 33
195 16
33 32
188 111
105 192
92 42
19 97
168 192
147 155
141 157
188 131
150 130
77 50
125 133
163 185
142 125
26 90
93 5
187 131
49 135
125 84
174 3
111 55
17 123
166 136
185 195
49 52
19 30
5 100
116 188
155 72
112 189
126 21
51 48
138 63
19 192
16 174
18 151
185 107
183 19
111 3
85 48
0 58
128 29
122 138
55 113
200 70
93 73
26 36
169 153
145 51
125 47
79 91
1 68
116 110
109 33
141 58
183 19
95 160
19 114
162 14
40 99
75 87
51 29
33 8
79 147
146 2
125 0
146 96
63 41
170 167
176 138
138 84
142 68
186 105
188 92
127 138
191 97
189 84
190 126
71 77
167 105
164 97
194 122
59 30
120 84
152 91
27 114
157 87
5 25
160 165
178 15
169 98
143 55
125 143
23 160
76 67
67 173
185 127
77 88
102 133
86 0
167 197
150 194
25 68
188 191
51 12
34 172
56 121
77 148
26 42
117 28
130 43
63 27
90 23
120 15
150 143
41 135
95 197
161 143
83 162
23 72
129 115
190 76
147 152
168 159
189 176
145 161
54 166
134 22
92 15
196 123
157 117
130 155
88 28
173 108
56 94
113 195
196 18
122 151
140 192
148 68
182 114
169 192
135 71
65 43
67 84
98 62
74 172
66 194
101 9
39 192
161 93
176 194
188 39
194 191
77 91
2 96
90 121
117 29
153 87
160 135
90 70
35 173
21 92
38 0
7 15
138 179
95 41
14 92
5 122
195 159
193 168
116 169
143 78
14 58
58 0
83 165
191 93
71 19
5 109
148 65
102 52
169 192
182 146
173 51
135 28
156 87
39 124
150 135
22 65
6 177
96 11
127 84
31 91
148 51
105 11
38 50
29 8
177 188
128 130
121 113
65 5
0 65
193 43
73 3
38 21
124 142
26 200
1 161
199 200
23 96
53 160
102 135
167 98
89 107
193 186
171 102
8 97
27 75
197 18
88 7
7 92
2 108
84 123
10 11
163 90
71 44
194 51
181 153
66 193
82 173
4 175
194 13
166 175
176 177
170 50
50 188
168 27
183 114
17 32
19 195
182 48
187 95
115 182
198 21
103 69
112 174
111 35
45 90
195 155
140 153
92 193
87 151
162 137
117 36
127 154
72 55
0 155
190 142
49 115
158 79
187 197
7 77
55 45
164 184
16 69
11 147
138 39
68 199
156 170
123 165
148 139
157 178
13 188
20 43
175 156
74 200
112 173
2 175
21 87
175 133
166 42
6 28
64 137
73 16
57 18
191 185
3 35
139 79
144 7
160 79
80 184
26 85
179 163
30 42
71 193
189 135
144 87
130 144
40 114
149 11
138 192
187 200
85 11
58 18
104 80
67 90
187 41
196 168
95 191
118 155
170 69
77 6
15 174
128 185
140 12
147 90
31 166
162 63
72 68
95 101
34 163
107 67
106 0
83 148
88 192
5 68
23 19
89 118
167 188
48 116
63 17
117 13
103 9
191 147
133 185
20 27
66 152
61 105
174 100
9 149
108 79
145 50
172 50
4 75
118 97
64 157
54 48
36 196
157 16
51 30
134 14
135 176
145 15
123 107
83 85
180 71
28 26
26 18
94 164
56 159
175 51
157 10
105 152
119 89
200 126
104 19
29 178
82 184
3 57
18 107
33 102
68 140
120 53
98 144
62 16
71 40
61 144
112 25
171 168
15 44
133 0
120 191
81 83
29 49
171 76
128 191
188 30
139 45
131 70
24 178
18 34
115 101
140 84
116 95
191 187
150 73
137 192
18 109
71 54
1 33
2 140
23 115
118 182
152 77
151 118
73 49
181 138
18 20
107 65
146 120
41 47
44 68
123 106
75 136
138 185
3 72
109 115
80 45
138 45
82 103
145 40
54 87
56 74
9 26
47 5
161 143
124 128
94 94
177 128
145 12
126 173
109 195
57 97
103 88
12 152
197 7
137 173
28 151
69 169
134 177
189 67
22 183
91 4
162 142
24 111
57 130
86 171
142 199
75 68
55 162
110 112
196 176
88 81
141 81
61 57
125 123
40 90
177 28
78 1
156 40
83 159
0 48
151 84
130 186
139 113
133 32
0 153
178 199
53 14
57 174
60 161
30 4
141 69
9 5
189 49
14 187
53 102
15 199
151 53
154 67
62 43
190 96
146 88
118 189
110 19
147 27
44 127
152 49
137 136
137 37
29 140
128 9
154 89
2 17
167 13
183 40
122 5
190 165
110 10
87 81
156 187
117 46
72 156
124 89
58 131
50 189
195 61
68 79
3 176
81 86
81 1
169 197
144 80
138 16
47 65
9 50
107 157
74 43
152 138
111 150
148 34
113 72
75 2
19 95
106 44
105 191
100 16
193 103
91 16
78 109
101 85
81 132
137 37
173 89
129 52
29 98
9 74
52 99
81 179
38 93
86 90
18 122
31 143
31 106
9 66
156 148
177 99
154 73
82 182
34 36
58 193
31 36
89 20
188 110
77 5
85 14
89 66
168 86
166 119
77 106
95 52
124 66
70 175
22 103
88 142
61 114
192 167
100 62
163 57
48 85
168 52
112 191
96 121
7 122
119 159
93 138
194 107
67 75
118 53
14 123
23 90
128 13
126 61
103 30
164 185
58 80
18 32
26 18
73 56
174 103
1 131
64 152
79 130
18 26
124 26
27 106
128 200
99 50
181 99
153 63
160 146
108 5
25 177
108 94
69 24
18 25
173 1
105 72
78 13
177 22
85 83
39 149
182 122
17 172
55 75
17 25
116 97
60 125
117 180
33 25
133 113
186 90
128 104
24 64
124 41
136 164
110 186
4 65
187 126
3 154
180 73
200 109
32 82
143 95
121 75
151 64
123 147
127 101
150 71
74 176
161 181
56 136
195 94
147 30
44 11
157 119
155 185
172 91
142 91
18 108
173 21
41 170
143 108
144 106
13 10
94 75
132 152
91 172
133 107
68 175
71 160
107 78
9 172
108 0
130 162
47 178
75 27
23 108
127 147
34 16
25 188
170 156
56 196
189 62
100 117
5 167
162 134
117 165
76 29
176 114
131 179
33 159
117 94
25 6
123 125
158 152
100 11
32 198
115 197
110 75
108 78
119 80
187 43
102 41
1 167
132 39
149 86
162 105
78 136
118 184
104 144
187 78
116 144
102 55
136 16
21 106
136 187
4 108
157 9
42 90
10 23
113 28
67 180
181 65
31 100
163 112
89 176
64 156
42 39
163 41
149 17
97 138
100 66
182 17
126 171
20 3
64 41
114 144
142 30
136 89
160 174
29 50
95 160
145 129
62 45
75 8
123 150
17 123
155 6
12 173
146 18
95 17
198 171
171 189
7 173
105 158
56 15
151 109
180 191
130 115
53 5
162 26
118 94
37 104
76 147
78 132
48 107
68 176
8 161
146 145
76 45
180 129
175 142
51 170
193 146
143 194
27 92
198 63
47 86
116 29
194 125
142 160
81 190
82 10
18 63
189 61
38 181
5 138
19 152
127 116
112 47
129 123
122 39
2 96
190 187
169 44
194 48
63 136
39 68
78 153
142 99
48 179
197 6
46 134
136 15
33 184
55 159
39 28
15 34
107 139
52 22
38 88
127 149
73 8
197 169
1 138
30 166
109 106
24 47
175 184
52 168
100 59
49 16
115 82
82 49
163 80
43 81
57 65
85 199
106 173
23 10
154 135
155 101
183 146
190 33
190 54
132 90
136 151
25 184
2 53
164 193
138 47
34 38
118 43
37 138
40 125
47 199
194 189
3 21
29 6
59 58
120 83
88 166
110 125
132 92
4 9
181 75
21 86
76 88
108 57
190 41
184 167
140 200
142 120
170 191
110 25
54 54
200 175
42 96
39 59
115 96
80 144
93 37
113 183
104 37
9 108
114 198
109 129
200 79
175 48
40 108
24 65
155 139
7 27
144 143
31 98
126 187
8 20
70 135
174 101
29 72
13 91
137 77
18 146
45 171
172 59
44 121
102 77
62 91
57 9
26 60
74 27
167 55
83 158
61 22
67 94
74 74
11 87
35 162
138 113
87 103
182 59
193 145
160 133
37 62
25 156
51 36
179 104
189 34
13 125
4 184
81 94
168 117
56 55
180 105
56 167
81 56
28 103
159 1
124 162
6 21
104 168
62 112
103 162
10 53
198 51
192 27
173 94
188 195
131 190
155 5
120 172
27 189
192 6
99 168
184 100
42 195
33 33
7 145
27 117
51 13
88 155
56 174
97 38
106 131
26 97
23 102
103 26
108 43
80 24
91 127
1 17
4 93
171 26
70 5
149 104
71 157
73 132
71 55
107 147
199 44
90 139
81 33
72 111
75 133
126 157
9 176
117 184
53 36
49 43
128 160
34 162
159 52
131 78
118 88
9 54
197 167
43 75
20 192
158 164
116 165
28 153
125 154
4 91
135 165
109 135
150 109
19 8
141 196
145 32
193 34
149 69
182 27
18 120
170 77
169 194
176 66
179 106
196 141
170 191
4 136
97 135
193 99
62 186
60 178
106 15
59 39
159 186
143 68
133 169
29 116
152 92
113 35
200 75
91 108
119 3
26 102
158 6
126 157
171 117
180 73
180 22
93 148
90 108
148 13
89 183
193 3
132 79
94 59
128 34
170 83
162 38
195 7
167 143
79 174
88 106
58 11
0 197
58 175
103 93
135 142
181 44
76 100
96 145
160 45
124 112
197 177
156 155
151 53
9 47
73 26
152 103
48 88
37 79
187 100
93 156
113 125
52 101
152 2
61 60
157 31
65 71
164 40
72 162
10 120
73 41
83 71
65 165
72 181
62 170
22 94
6 114
28 200
19 63
36 91
91 1
18 154
55 154
173 155
110 93
110 181
198 42
25 120
177 41
61 9
68 149
67 171
135 86
174 20
143 11
182 33
26 176
127 140
16 187
100 100
157 43
88 40
174 5
16 90
37 71
48 144
154 136
46 126
102 82
3 123
42 157
133 12
157 5
29 182
84 19
113 154
97 163
185 146
154 42
29 150
37 24
163 170
79 66
10 99
81 133
74 126
190 162
67 192
185 130
149 191
33 75
161 82
41 0
155 42
76 115
170 161
78 126
2 87
66 106
119 116
192 109
129 156
126 135
183 200
17 80
85 132
76 163
107 58
155 20
98 87
66 197
105 14
80 152
167 53
2 98
58 184
81 148
141 95
157 28
71 99
53 60
130 98
148 99
119 60
145 40
155 147
4 143
133 106
69 78
80 139
94 117
23 36
26 57
27 145
71 145
171 38
169 3
70 142
180 182
13 95
187 116
162 101
26 105
20 74
4 88
94 165
118 3
178 124
28 192
87 122
73 184
30 129
114 100
155 4
0 76
92 185
64 164
159 90
40 189
66 19
152 88
63 61
36 20
154 71
99 6
91 49
8 119
57 173
189 125
31 76
79 200
171 77
186 185
138 2
60 41
15 157
106 174
93 198
8 98
86 94
53 118
33 78
130 140
64 8
93 87
39 38
151 84
183 72
180 139
85 193
43 159
184 36
60 18
50 160
161 102
23 60
31 73
129 179
117 18
20 52
2 116
169 7
126 136
128 197
57 2
68 32
42 198
159 27
10 180
131 89
94 82
70 166
50 183
198 135
113 56
199 53
11 110
66 144
78 150
87 200
125 159
154 50
46 2
141 89
106 66
57 32
9 179
129 88
42 9
28 0
44 28
88 188
124 144
130 152
148 163
102 28
10 145
2 92
149 28
75 4
172 109
94 179
154 101
105 198
39 139
30 174
91 2
151 56
45 66
164 62
93 194
74 32
184 27
107 148
87 178
129 64
183 13
189 12
29 167
34 200
17 48
116 14
42 136
154 167
110 1
56 10
114 102
133 135
106 34
168 109
196 48
137 198
143 22
182 155
34 139
17 136
198 170
147 49
137 130
175 48
97 94
56 83
94 114
95 36
137 5
102 146
124 110
20 154
110 23
55 67
55 40
163 113
50 197
5 178
81 191
151 43
102 179
6 168
24 105
174 2
43 66
147 18
90 141
50 178
88 23
99 83
155 7
130 7
171 138
118 122
148 200
130 18
176 10
82 198
139 9
178 85
179 117
185 131
35 98
97 118
54 77
132 55
173 56
94 166
195 189
16 155
12 126
45 191
26 82
11 104
114 22
174 98
57 28
23 31
199 113
36 173
184 27
117 56
136 126
59 107
180 59
146 186
49 68
85 120
133 156
126 87
144 81
128 44
133 168
68 127
194 83
187 85
118 3
106 28
141 133
108 169
23 43
80 140
64 193
192 171
78 173
109 180
173 157
30 150
64 116
145 190
22 128
34 143
120 114
105 195
33 129
101 199
28 23
171 151
37 21
163 121
184 99
30 76
30 4
113 70
168 98
171 92
36 31
197 78
177 154
119 123
152 88
175 154
42 174
60 66
75 82
29 200
48 107
39 105
40 55
61 38
173 38
131 152
90 20
66 12
196 114
188 56
115 88
23 85
23 25
26 23
109 191
77 90
157 172
115 126
37 61
143 93
42 190
43 12
125 188
108 85
76 68
135 149
137 169
48 187
192 193
183 143
135 117
68 134
8 15
169 148
116 107
118 12
187 34
199 81
39 41
197 50
188 5
180 127
198 21
47 60
35 4
123 141
141 39
78 87
115 135
64 154
34 107
83 162
154 151
159 79
52 109
67 168
95 104
149 183
169 181
115 85
172 180
153 31
56 28
76 196
29 14
110 144
69 175
159 97
79 179
166 198
70 16
169 65
110 148
113 86
31 6
174 188
117 128
90 3
52 23
187 157
100 170
133 79
79 94
191 149
140 28
110 47
125 137
4 119
88 72
115 70
94 87
122 6
174 147
68 110
81 26
137 5
12 54
166 0
79 66
81 60
190 13
105 170
76 197
132 64
171 99
151 80
163 71
196 176
193 153
141 74
187 81
45 24
194 69
160 197
64 46
180 71
166 178
150 59
7 9
36 188
181 127
99 25
18 159
76 152
110 17
107 167
134 146
34 58
71 124
0 93
16 24
21 66
154 56
171 89
114 55
155 18
127 99
129 20
36 23
24 6
41 173
67 165
130 128
26 11
114 118
152 195
10 30
1 55
50 80
151 57
152 71
35 88
167 43
150 118
105 133
55 169
40 6
2 96
129 178
70 165
190 86
98 104
159 37
155 83
36 84
159 141
7 49
170 175
6 27
69 166
75 177
145 46
163 64
72 14
79 148
83 12
94 46
46 164
49 96
171 115
114 157
22 46
154 31
137 7
18 140
54 199
14 26
22 49
176 72
71 69
27 113
180 88
114 172
36 169
72 134
164 175
118 101
187 37
104 13
157 138
180 196
73 18
158 180
118 181
103 189
99 121
102 185
59 187
10 144
183 1
25 33
58 29
4 167
28 192
96 69
131 166
161 109
25 63
27 129
81 9
158 179
49 118
72 51
3 2
133 88
160 103
186 117
188 45
90 149
23 148
59 26
19 173
122 24
126 195
138 167
115 7
32 181
51 3
148 50
90 110
35 121
45 44
133 119
178 197
97 157
87 107
71 74
142 89
41 142
141 76
189 64
52 168
56 191
197 23
40 190
22 140
26 52
128 77
82 151
0 60
188 153
179 130
17 124
170 139
119 74
44 40
72 91
197 75
40 73
191 65
188 158
138 126
59 109
23 106
185 47
126 17
170 77
191 154
122 37
146 87
131 89
161 31
122 162
133 45
170 180
157 138
16 129
154 197
139 176
170 148
71 131
41 49
134 82
35 173
44 77
194 34
124 2
179 13
189 129
79 137
131 179
184 19
100 150
170 75
85 83
170 174
86 50
65 95
112 49
108 10
178 25
33 65
21 178
83 193
103 29
114 68
83 199
1 163
103 82
35 119
188 106
61 178
54 133
81 189
135 75
142 181
95 32
34 70
146 136
171 142
62 149
72 26
55 184
122 118
57 85
53 120
20 144
133 50
13 186
147 140
51 6
36 167
116 136
172 10
196 114
57 90
193 150
132 192
182 129
84 39
159 109
57 182
33 87
8 166
71 143
65 157
33 1
86 159
177 189
41 84
14 166
39 1
111 45
116 5
47 72
43 108
117 135
13 47
23 123
193 3
145 159
154 195
81 2
8 7
193 70
68 110
195 19
88 113
68 29
146 59
9 9
187 126
124 78
195 124
107 20
191 143
93 146
101 188
163 0
195 186
192 170
172 125
71 3
46 184
81 54
27 91
30 185
135 198
31 78
13 164
3 129
90 110
71 16
128 176
102 128
29 60
125 130
100 73
107 65
108 20
102 26
192 124
20 141
150 155
162 27
138 71
26 76
192 85
184 50
94 35
62 147
12 88
158 173
189 160
167 103
194 56
175 168
193 32
58 10
57 188
23 24
87 28
24 62
26 24
52 196
143 26
110 89
198 39
171 174
68 26
66 143
103 31
117 62
108 3
141 117
14 107
71 175
182 117
29 59
131 26
146 58
53 99
78 150
74 86
134 43
91 105
27 134
93 44
55 85
188 189
40 149
160 21
99 179
37 36
102 92
4 101
15 160
1 99
14 51
77 180
92 120
103 89
188 5
149 91
132 190
140 109
1 6
32 38
93 44
130 78
23 167
107 56
82 108
12 66
198 152
58 13
172 20
79 129
54 118
156 150
103 57
31 116
21 169
75 136
88 136
16 174
125 16
129 28
17 97
8 142
10 101
79 92
189 124
24 157
19 128
131 142
1 96
37 0
135 191
124 87
149 89
125 115
200 123
159 24
123 189
57 152
26 63
91 53
93 177
148 131
32 172
20 92
144 78
183 137
84 51
166 81
177 22
142 26
3 52
140 98
7 40
172 129
39 89
56 84
103 60
55 25
24 163
129 122
68 195
75 72
14 48
74 163
88 135
87 84
76 149
102 157
15 86
110 164
124 82
150 128
160 157
5 104
147 159
23 27
9 22
110 182
101 168
86 37
190 52
126 166
73 61
30 48
176 16
32 82
111 144
161 32
80 37
17 198
158 76
47 31
168 145
71 30
200 3
46 149
128 120
151 150
64 86
93 92
71 30
33 120
155 115
92 6
117 112
63 42
24 108
69 189
40 160
187 82
181 167
177 157
81 118
15 195
13 60
14 42
35 29
199 174
188 197
190 72
124 6
34 12
104 35
103 98
59 63
22 78
92 194
172 170
22 19
111 26
75 197
171 178
113 21
49 198
46 105
134 162
4 158
112 152
142 109
80 94
50 46
35 100
69 44
10 24
93 41
119 16
177 21
46 159
133 13
174 75
156 143
63 7
63 135
194 4
139 150
19 41
172 67
130 115
82 102
96 181
74 154
188 23
90 39
200 194
181 34
8 34
136 108
81 94
82 93
143 71
89 94
5 109
188 44
13 54
144 30
159 84
173 97
69 183
67 72
40 158
184 0
142 168
121 68
56 20
85 97
22 61
199 14
169 96
150 173
73 129
130 14
188 23
126 38
25 79
98 127
47 102
45 124
185 157
47 167
124 184
22 88
175 156
170 193
130 18
105 46
77 169
170 107
19 132
52 115
89 185
56 117
34 28
60 158
199 109
67 187
100 53
139 95
4 72
3 146
169 33
37 170
44 88
106 4
121 121
30 192
2 71
87 136
24 95
116 200
132 62
117 160
20 138
149 54
95 8
193 91
0 101
40 173
149 104
100 121
7 145
1 58
51 198
140 4
1 156
22 181
64 177
164 200
196 117
43 58
9 36
46 72
82 109
200 161
31 101
48 32
133 127
180 100
193 50
173 56
144 39
114 52
179 90
168 121
199 62
169 23
176 59
73 57
47 45
191 11
71 123
151 87
5 124
41 134
166 68
185 182
53 104
142 86
111 195
94 52
120 52
120 44
134 24
184 188
39 187
32 20
67 142
122 112
8 39
34 67
54 144
176 195
189 135
6 64
2 158
46 156
106 108
182 109
87 118
109 109
105 11
8 62
86 43
160 143
53 139
172 32
81 28
53 189
153 78
37 165
103 22
76 111
56 52
175 90
149 33
182 6
27 187
59 56
126 150
195 38
114 62
192 170
143 182
200 98
95 130
163 29
38 69
102 34
135 99
115 58
152 101
125 40
29 164
149 36
164 123
85 38
199 34
87 50
43 23
150 158
108 175
169 146
53 1
165 22
56 136
56 189
187 76
126 166
42 184
152 140
114 102
196 182
37 169
61 169
136 4
161 4
180 145
40 26
118 73
123 137
90 13
184 12
43 152
27 75
98 5
19 145
106 175
180 82
120 108
194 171
83 189
162 151
161 183
81 189
126 193
145 19
120 129
58 169
195 179
73 66
94 82
39 85
102 21
14 94
96 175
10 108
131 127
196 124
9 1
99 32
101 90
149 6
160 162
32 170
105 122
52 134
95 14
80 180
176 76
188 90
165 49
192 96
165 58
111 151
28 27
58 198
30 147
8 73
199 52
118 91
190 26
171 1
7 59
133 164
200 135
158 62
38 16
169 49
86 159
83 110
136 187
133 29
129 97
65 124
63 73
178 155
196 131
13 43
200 33
80 44
131 9
91 182
7 128
9 168
55 112
12 67
53 69
145 60
10 42
92 185
20 72
56 40
6 46
4 199
124 147
97 58
36 148
41 186
123 160
163 105
193 128
73 197
143 26
31 115
21 67
62 3
153 151
190 126
142 45
22 7
67 189
46 44
179 20
56 11
192 94
36 171
176 157
121 92
131 122
41 101
52 56
101 27
0 159
165 84
147 124
23 98
139 163
199 162
29 156
128 32
192 72
27 162
195 34
184 144
66 177
196 164
104 134
165 7
164 64
122 55
28 200
62 111
111 43
5 168
170 115
57 180
131 132
131 106
58 106
124 29
109 34
97 94
79 155
33 82
132 89
124 51
81 128
151 77
154 118
184 131
115 194
177 42
44 90
146 129
23 51
141 152
94 92
92 118
94 97
29 111
6 115
149 124
49 162
30 87
36 122
193 184
161 173
125 38
4 79
112 89
151 28
10 97
183 141
78 25
62 150
146 199
116 51
166 197
125 45
12 5
138 151
79 43
133 108
159 32
12 183
79 144
17 53
167 38
125 80
32 85
148 83
95 73
114 118
13 0
120 169
176 180
68 89
53 123
98 47
96 161
35 175
87 93
77 34
4 15
20 142
129 73
83 102
169 198
114 70
17 12
147 155
93 142
143 70
49 187
0 142
35 120
173 197
117 49
25 169
125 181
75 99
55 67
143 101
177 35
169 123
101 67
197 13
38 179
47 1
66 129
199 178
182 177
192 110
98 47
187 9
115 138
95 130
148 25
10 122
51 181
148 32
93 7
20 48
35 177
94 110
123 54
25 3
175 161
91 6
198 69
36 124
18 128
184 48
32 36
137 36
89 146
157 48
131 144
27 137
141 56
159 144
118 23
7 53
100 68
27 50
196 32
100 78
38 135
85 123
80 114
124 77
170 86
181 165
171 195
22 104
38 99
107 56
153 10
163 143
15 197
36 180
192 144
42 155
159 36
48 191
148 56
199 159
130 102
135 20
158 120
78 51
166 148
105 26
7 108
28 116
79 59
80 174
111 187
146 52
48 23
89 76
14 118
115 31
144 71
190 37
3 153
136 74
191 189
144 78
144 196
194 26
154 109
100 78
84 178
178 65
124 159
91 17
147 0
49 51
180 8
152 98
34 184
181 177
119 57
100 102
200 157
44 38
165 100
14 170
115 126
129 70
72 187
12 46
153 21
92 73
77 104
90 142
10 111
188 85
6 184
67 99
57 198
37 11
97 153
102 197
142 180
166 17
121 53
132 114
183 193
116 56
96 188
78 168
126 145
132 135
12 117
197 198
176 79
6 123
86 160
176 7
122 77
33 178
96 194
50 165
29 71
187 180
147 170
174 38
69 71
4 87
128 81
168 8
119 35
70 29
16 157
50 136
186 41
9 191
186 176
119 3
0 81
195 47
87 1
61 114
118 48
47 127
153 58
87 143
38 139
109 197
142 4
175 46
143 146
177 136
142 113
35 77
54 154
80 172
167 97
65 3
126 199
189 131
169 129
80 79
97 168
14 47
196 23
183 175
127 0
46 64
128 79
41 185
59 90
197 69
137 53
108 25
192 176
62 130
89 171
148 14
23 145
111 82
130 99
10 174
56 33
149 54
151 155
36 85
107 181
145 1
9 192
169 177
155 179
96 65
16 144
162 129
32 122
20 65
160 56
45 150
33 160
179 9
188 17
10 78
184 139
198 72
194 88
144 140
126 29
187 100
7 75
154 101
128 178
28 123
93 88
77 36
64 10
55 157
32 98
188 49
89 155
152 44
198 101
80 124
46 49
29 115
181 7
89 160
155 192
114 158
106 57
54 154
65 157
162 141
174 149
119 67
93 33
191 4
21 58
164 58
162 40
49 75
83 43
67 196
147 51
141 64
123 12
173 5
145 122
110 188
146 37
88 130
111 182
113 23
174 196
113 117
15 75
178 103
116 67
106 115
59 86
67 177
86 146
21 6
91 136
28 27
57 13
196 126
186 21
98 8
132 84
47 92
135 156
111 127
8 25
160 113
198 179
20 154
188 57
37 29
138 87
86 65
150 37
68 165
83 190
34 169
140 68
22 55
105 96
174 14
154 123
30 168
140 40
40 61
186 3
190 112
64 96
53 198
22 42
131 196
59 198
131 0
5 127
190 200
111 86
111 53
179 157
45 73
84 59
153 67
115 162
133 176
91 79
167 4
166 75
11 117
66 182
88 179
80 172
50 104
60 51
158 8
2 81
120 198
176 93
62 125
191 18
194 74
34 83
118 29
173 185
27 3
13 134
59 12
131 146
125 184
37 34
53 53
23 12
95 172
22 51
129 197
132 153
59 121
141 114
191 134
135 156
0 115
85 65
152 79
100 85
25 148
116 169
135 32
94 33
87 125
168 92
133 39
103 83
98 196
47 96
132 139
200 65
46 176
57 43
27 160
39 35
31 132
182 33
47 33
86 183
83 29
3 150
74 8
122 136
78 92
45 50
6 40
169 173
167 81
130 136
83 12
111 108
134 108
138 25
189 147
88 127
121 44
144 125
199 186
41 76
173 172
174 51
166 6
71 132
57 155
23 84
47 124
84 136
186 194
89 168
96 37
122 194
160 135
184 105
60 76
81 122
77 144
112 200
167 73
67 25
28 43
2 12
124 29
165 58
171 195
55 16
128 45
169 159
100 133
186 12
194 3
142 68
80 51
113 136
68 131
12 115
73 1
142 199
6 178
21 32
10 142
55 32
104 33
18 77
107 109
162 189
105 80
193 183
168 100
179 113
26 133
10 24
75 174
87 90
79 68
183 77
96 8
156 71
170 187
100 0
137 52
70 100
45 125
98 105
50 169
57 126
75 56
102 90
83 15
145 126
102 109
79 39
101 160
115 105
57 142
177 178
73 128
103 140
182 94
75 31
196 175
198 140
25 38
192 155
92 159
94 32
62 84
146 61
172 72
159 96
53 71
127 46
123 92
87 147
161 139
84 150
167 102
7 200
122 176
69 19
84 44
169 146
93 172
193 145
30 71
46 122
156 131
14 28
91 114
196 13
47 99
33 110
89 177
187 85
6 26
97 155
66 0
173 74
144 85
10 166
62 36
190 37
160 170
115 13
149 187
43 74
9 105
12 75
142 7
143 106
70 118
55 169
146 180
147 16
176 197
130 171
152 87
189 159
122 31
115 167
10 103
148 98
124 96
12 85
93 131
1 50
1 84
49 180
177 171
131 199
25 50
24 90
105 69
26 37
40 52
3 117
62 89
27 4
118 104
100 159
79 115
76 145
139 96
102 45
198 31
55 106
20 23
113 67
25 200
48 18
18 133
14 171
107 120
98 159
124 106
63 139
105 72
147 29
193 165
101 175
68 44
94 86
47 97
154 81
99 3
49 136
169 196
93 128
164 157
53 35
139 44
146 85
110 9
75 193
117 192
6 195
129 111
160 54
155 48
147 107
185 105
129 50
44 188
154 175
20 31
145 71
15 67
125 140
96 144
122 126
143 93
133 130
109 186
166 52
194 157
161 131
118 150
94 0
102 184
111 77
166 140
7 119
198 111
69 116
11 82
95 36
31 75
23 197
147 194
80 62
152 14
99 3
29 199
69 198
62 27
35 70
136 72
178 184
180 166
76 196
107 106
188 128
137 130
89 14
77 93
82 70
124 146
119 125
151 118
200 144
57 160
43 45
104 147
200 122
72 125
26 147
171 87
89 153
178 78
60 100
111 192
164 128
129 199
77 85
79 100
17 188
144 142
53 6
106 118
31 1
136 151
75 49
120 190
180 152
174 78
16 95
182 147
135 83
77 184
71 183
55 189
22 79
143 127
145 39
49 165
95 39
35 118
198 188
158 63
67 158
159 186
163 169
16 129
170 68
117 53
124 163
157 75
74 71
72 155
26 110
88 20
151 180
145 176
174 38
62 30
84 171
41 42
123 2
156 12
113 57
76 196
68 144
13 40
39 169
36 192
104 7
15 115
183 15
112 64
7 11
132 18
3 7
134 67
113 186
169 107
16 169
91 19
116 114
78 25
87 0
171 178
200 142
114 163
35 135
149 174
65 51
109 73
164 120
14 132
123 131
22 161
199 127
60 101
76 6
66 44
185 22
40 58
81 6
27 87
100 68
55 129
173 107
104 67
153 167
5 94
149 83
35 56
84 97
12 115
91 26
195 46
37 114
165 99
16 141
32 139
142 171
124 107
98 126
111 111
140 104
47 137
118 200
46 0
1 73
132 175
148 94
22 20
158 69
28 160
150 88
155 109
191 42
123 86
139 82
30 169
79 118
118 46
130 168
70 61
135 102
53 36
193 19
182 61
18 198
39 117
200 120
90 159
94 65
110 66
63 155
136 93
135 109
46 22
8 30
180 35
106 102
108 9
40 48
47 41
4 174
191 167
159 139
149 115
59 70
186 18
133 94
128 131
52 185
127 168
139 147
79 84
4 72
45 29
140 66
126 27
177 131
181 183
169 167
80 103
93 98
189 165
78 129
36 121
166 22
22 20
130 194
160 160
65 187
54 112
162 37
50 50
61 143
38 17
95 166
11 159
11 168
119 146
46 54
162 148
14 60
48 63
137 18
102 40
162 108
34 110
200 60
131 115
107 145
167 87
200 14
167 93
4 0
146 0
86 44
148 158
28 129
55 102
162 12
2 1
10 115
1 57
162 166
48 48
158 181
80 99
168 83
27 188
146 62
96 22
53 93
96 30
13 133
6 43
101 61
199 196
74 180
135 187
2 50
112 83
92 200
199 85
194 148
81 106
188 171
151 5
158 3
105 122
74 53
147 86
124 57
118 10
4 23
5 32
172 106
41 59
55 133
181 85
69 183
37 160
143 35
71 185
189 147
48 171
196 16
69 141
142 174
44 117
50 124
91 181
104 123
180 162
181 156
106 165
88 186
92 107
52 1
99 26
151 2
107 77
155 63
97 164
139 54
10 66
132 150
46 26
32 14
95 166
4 122
142 5
167 200
186 148
192 4
193 53
112 197
200 50
159 100
106 14
157 77
165 196
198 141
130 49
193 147
14 51
38 26
148 143
166 71
175 116
143 108
145 12
133 54
193 136
167 49
184 137
65 192
55 105
90 136
10 80
95 128
67 135
60 189
65 82
6 66
73 65
179 71
53 189
123 27
147 92
54 98
135 112
137 56
140 75
137 112
60 151
115 89
65 10
7 136
8 21
52 5
45 79
176 126
120 56
28 85
19 107
86 153
142 6
98 93
47 133
181 106
166 104
89 25
165 17
146 58
28 44
62 102
78 154
167 50
17 187
151 35
23 167
142 125
97 179
200 151
57 159
54 24
94 72
26 8
28 71
195 171
22 60
6 60
56 58
185 94
30 113
143 34
184 182
38 40
86 155
37 94
70 80
190 166
143 121
158 124
173 41
45 17
79 121
72 65
42 116
46 90
33 96
78 137
37 42
41 118
173 109
27 139
106 22
149 98
94 159
131 53
120 38
58 134
180 119
57 164
72 155
199 35
174 124
123 150
132 34
131 150
132 118
186 87
112 17
177 175
18 94
168 69
101 9
23 168
83 35
4 137
129 200
92 157
104 187
186 4
181 66
124 7
130 165
46 191
52 186
127 40
36 120
22 196
122 189
30 151
31 71
186 145
186 195
121 25
166 182
51 0
86 137
47 64
56 179
41 87
9 49
91 89
45 171
165 142
59 13
153 118
93 56
55 62
147 189
64 107
15 33
49 16
122 82
67 78
1 97
61 56
122 58
65 184
5 172
72 139
12 138
78 167
63 7
13 32
148 45
31 68
45 124
48 111
187 102
23 51
168 87
195 45
139 12
72 22
24 104
88 188
56 151
137 85
132 17
132 189
195 27
18 166
84 28
144 199
77 16
102 155
64 104
154 44
61 8
7 120
168 162
143 14
183 124
62 149
70 54
188 103
161 79
77 147
69 100
95 2
128 110
192 105
109 133
104 27
122 61
14 24
73 111
83 114
82 97
93 66
33 152
197 145
122 131
142 191
154 99
30 9
87 59
93 156
126 63
71 19
84 62
52 7
57 106
109 39
50 25
49 163
69 175
30 95
193 128
118 145
5 53
80 2
137 106
179 182
109 73
149 185
30 117
136 83
199 108
73 40
77 195
3 102
65 29
16 25
67 182
34 13
62 22
112 66
157 17
172 77
120 88
170 84
52 162
17 42
192 33
187 77
136 160
37 142
20 165
194 124
131 127
63 50
7 27
53 131
180 8
2 126
107 195
25 147
152 78
10 55
53 64
84 142
136 99
148 102
88 129
51 133
20 49
139 161
4 79
34 170
27 20
184 176
82 55
194 26
75 134
84 182
72 27
96 13
178 5
96 34
38 81
187 36
43 129
186 105
158 42
81 106
181 115
87 165
194 11
102 34
197 124
33 55
153 106
123 137
187 152
43 85
12 88
188 47
161 144
89 114
61 54
3 33
85 42
53 53
36 18
2 168
105 104
68 19
21 79
105 30
74 73
160 175
14 139
159 28
3 116
148 129
44 96
188 53
74 82
83 87
83 110
41 40
25 39
162 100
141 108
193 119
14 80
190 91
8 119
82 199
139 54
97 163
183 88
39 56
121 70
175 96
54 127
60 119
43 198
151 67
97 193
183 158
144 107
8 145
131 44
178 139
80 127
35 199
187 92
100 67
67 70
148 139
93 166
61 88
74 41
88 129
161 124
19 103
135 178
169 115
141 200
87 9
28 103
114 90
109 27
162 17
128 147
142 110
12 120
152 100
150 25
146 140
90 71
159 183
33 53
173 18
184 165
144 92
123 184
140 163
39 4
142 29
58 171
65 16
92 51
195 4
130 82
89 71
178 80
153 82
77 185
131 43
70 92
188 190
188 121
43 66
140 14
114 22
46 40
133 61
190 115
84 172
53 119
61 68
64 139
114 154
83 80
170 167
116 64
1 171
85 6
7 101
103 134
160 151
95 186
18 126
134 117
153 169
5 78
199 91
132 28
191 82
47 24
145 42
107 72
176 131
14 147
162 122
159 100
61 73
0 107
107 6
145 125
33 165
175 74
65 180
32 36
114 42
198 161
3 77
81 20
92 58
60 45
71 13
92 140
9 96
160 43
0 47
29 10
62 76
197 8
153 94
43 55
181 119
65 34
68 188
151 148
106 134
119 71
150 118
110 110
177 156
41 40
10 13
1 200
111 5
199 64
32 82
127 37
18 143
47 33
132 139
34 36
192 189
139 15
50 75
158 175
69 103
83 172
99 12
66 192
16 133
178 170
191 103
11 185
123 108
146 58
25 44
14 140
121 196
83 138
85 166
85 159
26 116
112 29
101 52
16 196
165 59
164 95
67 99
186 51
13 41
47 164
68 22
186 171
41 38
99 128
59 172
160 73
197 4
186 47
120 190
13 139
136 183
195 131
136 139
117 99
50 79
75 58
193 189
59 49
160 180
48 195
98 194
1 188
78 180
37 108
84 61
173 157
47 80
133 178
158 62
78 85
102 154
142 200
93 168
73 56
175 185
168 22
12 179
2 150
161 40
100 165
174 43
177 109
199 137
133 150
3 146
0 3
173 62
49 194
97 63
196 190
57 89
163 168
20 52
126 122
163 139
162 146
182 185
17 116
42 191
16 156
146 195
161 129
165 187
86 171
100 199
30 94
128 63
89 54
158 39
58 194
56 103
24 144
92 81
102 120
190 173
95 99
157 81
166 44
96 182
105 174
120 173
58 19
143 172
41 165
49 196
162 183
88 161
47 180
106 149
200 7
95 125
146 145
148 33
158 90
140 144
78 190
25 8
178 128
22 106
48 9
103 35
146 167
12 13
102 126
173 3
104 89
81 176
177 90
68 31
155 18
0 190
193 82
47 132
15 32
65 139
130 79
169 2
161 160
48 175
88 113
152 194
83 154
156 150
145 141
14 186
131 72
118 114
178 180
93 112
18 63
128 81
13 37
76 2
65 71
199 15
15 110
41 55
46 133
171 29
124 5
90 107
188 63
0 174
158 7
154 98
132 127
62 55
167 50
20 80
87 129
193 178
161 48
120 75
146 138
22 198
6 9
156 22
101 2
90 36
127 20
92 94
5 4
153 89
125 200
86 56
139 188
37 94
27 193
101 4
47 98
173 194
14 24
65 143
193 83
81 103
185 6
64 100
67 75
128 111
112 197
27 26
24 134
77 15
78 67
133 167
106 110
141 170
119 182
79 28
20 57
171 5
121 194
85 68
22 72
5 86
151 105
140 174
176 3
149 5
112 157
104 144
159 123
173 168
78 112
192 26
182 85
13 47
175 182
57 136
32 163
22 108
7 43
6 61
60 134
69 31
196 56
173 131
6 138
3 115
119 82
28 78
39 157
7 90
15 81
71 153
158 151
200 109
96 102
82 189
185 111
0 176
191 76
109 114
155 186
184 62
50 132
164 174
197 79
44 11
71 53
9 114
180 99
156 72
71 136
167 116
77 68
119 142
178 106
122 70
57 117
94 147
142 31
188 150
60 181
38 15
27 89
11 161
182 73
30 147
172 76
155 131
141 21
61 140
22 13
7 25
194 77
64 34
67 93
184 109
42 166
155 99
5 190
172 90
19 71
39 185
179 12
104 27
30 101
95 111
177 29
54 128
47 28
91 144
134 117
56 15
17 106
198 171
107 88
181 91
195 170
81 3
192 129
58 73
21 46
106 185
21 81
186 52
136 137
114 61
194 50
84 171
140 182
192 9
90 166
200 61
43 71
123 102
56 83
133 130
113 195
11 135
35 52
129 89
91 19
91 50
172 13
177 13
7 189
147 69
54 44
13 74
34 171
160 112
14 79
170 110
58 65
106 48
167 136
72 130
55 78
59 166
69 23
24 44
142 38
9 157
8 127
65 160
146 185
111 66
76 34
49 115
45 67
166 179
46 108
23 197
41 7
59 41
8 14
58 47
4 36
81 185
69 15
43 165
72 80
25 59
193 45
147 148
92 117
41 140
80 60
91 25
176 101
108 31
62 44
39 33
167 167
126 135
148 101
0 182
196 108
100 72
141 106
33 99
45 152
110 191
118 166
1 164
15 47
81 58
68 79
187 8
147 98
172 143
45 104
147 40
117 101
149 97
36 190
62 169
51 65
59 180
153 188
154 171
119 194
81 175
177 44
12 91
26 100
167 88
72 30
76 138
109 195
23 93
99 152
2 100
193 17
169 159
125 83
124 116
159 151
197 62
126 24
8 169
134 39
85 134
79 196
179 19
175 65
136 49
172 188
65 174
61 77
70 18
107 116
158 96
82 163
18 124
102 26
74 82
174 186
67 7
174 23
100 10
5 97
120 188
33 115
103 83
139 19
139 168
200 13
188 126
127 92
131 64
188 64
139 170
84 151
166 109
68 41
57 1
26 21
123 180
9 176
60 171
161 184
106 89
95 105
144 98
48 195
138 8
181 85
169 8
57 127
143 111
4 17
159 82
115 74
11 7
96 26
65 13
44 65
11 44
115 170
175 106
136 23
17 146
71 13
45 6
116 36
31 127
65 14
36 71
128 6
3 60
132 98
194 59
35 73
60 148
45 199
89 58
163 173
142 85
177 198
134 132
104 141
117 148
153 109
108 171
153 21
167 40
16 54
118 32
178 191
104 124
167 112
55 20
184 199
100 132
73 146
108 1
155 41
184 123
39 81
179 8
153 40
147 42
144 130
39 179
112 188
68 11
72 113
193 70
106 148
138 155
109 64
39 110
193 191
58 191
5 17
42 98
113 171
183 50
96 154
5 126
155 190
21 190
48 152
48 8
145 168
8 52
155 72
188 142
161 174
50 90
45 49
62 48
64 194
80 37
81 111
28 17
186 171
63 134
100 13
194 49
7 92
10 28
70 104
112 12
133 158
45 26
122 185
175 73
95 98
28 25
93 31
66 23
188 32
2 18
174 179
171 120
152 148
114 159
144 39
96 192
77 154
33 191
115 71
175 120
168 43
161 69
29 109
181 4
167 9
12 144
184 175
97 192
183 2
196 84
8 152
163 42
20 68
155 39
112 43
100 81
104 49
164 60
139 4
12 160
113 78
180 161
126 191
180 135
44 3
106 159
46 81
67 129
177 121
23 101
175 165
179 167
167 182
109 51
160 35
91 43
56 155
62 54
113 132
4 27
50 180
95 3
66 153
176 166
151 188
40 115
6 129
47 6
62 181
15 111
10 61
28 80
199 158
10 33
0 150
124 123
94 20
142 115
91 189
134 26
57 142
87 189
152 64
75 175
28 138
84 5
99 100
138 114
43 155
110 2
123 107
8 191
180 164
163 137
68 115
137 83
176 98
48 185
131 16
134 141
167 170
110 38
89 0
178 179
166 25
198 103
121 28
130 151
95 81
31 156
13 65
162 116
198 157
200 176
166 151
80 26
168 123
3 17
61 22
1 64
103 47
146 197
38 176
130 78
173 167
42 82
129 9
125 114
125 131
49 82
131 82
150 90
175 198
48 174
199 186
151 113
164 135
100 114
36 56
56 112
19 116
153 119
53 88
172 7
137 157
158 118
67 189
37 74
196 33
21 116
183 24
74 92
128 200
134 115
49 42
125 124
0 164
84 76
184 99
99 47
195 38
61 140
106 192
95 13
66 80
43 125
91 92
172 11
43 11
8 185
70 186
55 162
164 55
190 122
150 112
18 114
178 166
9 59
140 68
134 0
31 97
24 76
163 174
134 77
155 14
97 0
5 134
125 117
44 176
82 101
197 167
109 157
109 9
25 194
171 12
40 23
25 65
38 27
100 3
163 94
179 20
157 169
7 189
5 35
68 200
101 94
39 9
86 4
83 19
2 139
189 161
144 101
23 63
35 64
106 113
189 118
89 19
114 157
7 121
90 86
112 191
96 103
193 81
35 130
85 21
45 165
73 190
102 19
75 85
113 69
149 20
44 86
171 182
98 127
138 125
84 1
65 5
165 127
38 63
177 166
158 45
50 36
63 169
191 152
89 30
10 52
17 198
179 45
162 119
123 4
188 15
193 152
199 25
145 71
149 174
105 161
33 67
72 169
78 78
49 139
166 48
176 46
90 155
154 106
192 99
124 150
179 169
0 21
107 133
40 106
43 128
105 176
7 189
147 93
100 185
28 19
77 118
148 74
82 167
72 16
168 131
47 22
1 199
104 144
153 111
13 159
105 116
125 192
120 63
86 45
48 46
5 168
195 32
136 153
156 73
64 126
185 126
108 72
124 70
182 158
41 90
147 52
63 6
196 0
25 199
189 59
165 83
190 75
73 64
25 71
123 82
114 95
196 84
145 166
25 97
102 50
87 114
166 200
147 35
48 81
144 159
171 22
91 97
80 124
187 87
19 67
28 80
100 47
107 176
78 186
135 120
15 31
47 39
17 65
118 167
9 103
122 127
46 80
86 125
123 86
76 117
54 39
1 76
93 53
50 104
127 74
133 133
54 91
128 99
90 9
44 6
199 68
125 32
88 169
185 170
128 171
194 6
65 102
43 177
150 112
92 21
42 51
34 162
160 3
144 175
24 53
141 163
155 148
196 154
22 193
141 129
40 129
7 90
125 33
75 115
70 78
118 189
194 79
121 10
105 55
196 61
151 143
138 150
98 118
3 77
9 75
36 162
30 21
144 139
106 62
175 11
200 171
173 183
26 67
20 153
64 200
137 35
34 182
101 61
154 122
185 83
100 181
18 143
11 93
0 5
197 96
183 154
22 90
192 115
168 181
183 49
93 75
13 154
11 131
179 50
186 123
97 84
128 125
172 152
169 68
15 153
87 49
192 167
11 106
89 101
45 68
138 99
11 165
87 173
58 183
158 162
38 155
197 193
120 194
6 170
123 75
144 68
192 164
135 7
35 133
93 145
122 28
116 193
176 9
16 94
29 173
160 168
116 191
107 69
72 102
187 97
132 73
45 51
101 54
199 138
128 175
194 191
101 114
50 9
73 166
4 17
159 90
14 180
85 23
124 36
174 196
1 95
123 6
20 54
194 102
28 111
19 186
135 119
157 178
141 27
161 127
20 197
142 24
20 173
143 71
83 27
184 44
15 133
182 47
122 111
167 74
90 140
130 88
92 89
30 100
72 47
157 44
65 136
7 54
195 23
107 187
62 102
132 36
58 165
160 50
193 129
166 175
81 95
89 104
51 163
184 139
47 26
101 131
113 156
120 17
63 70
49 20
114 47
199 21
89 178
155 64
148 145
182 58
79 133
99 64
160 120
40 170
142 13
83 20
38 21
115 68
22 1
34 104
196 27
3 30
66 86
105 147
41 100
92 90
140 35
112 196
17 66
89 188
131 20
89 43
30 194
146 97
151 34
139 40
79 114
147 177
107 51
187 157
35 143
198 93
48 169
183 186
39 22
77 7
193 38
102 26
76 1
190 21
133 66
157 156
3 129
92 97
168 34
19 26
130 75
157 122
189 53
187 28
91 134
185 45
80 139
183 105
61 167
119 192
159 120
91 70
20 89
48 140
105 188
198 131
42 160
19 56
152 33
166 33
40 156
4 199
26 23
122 162
106 100
193 0
34 46
57 197
8 44
67 76
41 193
190 131
128 118
127 175
57 140
65 153
1 40
99 33
53 72
35 199
165 184
187 74
175 124
111 60
22 182
22 22
16 52
122 52
8 119
166 27
52 90
135 64
85 193
3 1
32 75
107 19
188 183
80 83
146 119
106 116
63 13
1 120
90 55
29 24
180 13
28 198
3 11
171 110
31 160
182 166
123 94
143 163
143 185
18 116
119 104
79 70
26 168
186 167
152 51
143 142
72 164
183 13
111 6
151 52
22 181
4 173
144 103
91 26
153 200
25 63
156 143
89 112
40 53
11 51
161 51
187 134
26 88
39 132
54 108
146 35
195 27
97 89
99 154
15 137
23 163
161 177
197 132
79 151
55 103
41 52
41 10
196 132
88 185
162 64
157 80
42 72
36 17
123 141
198 53
189 15
116 155
23 21
94 147
18 71
14 37
61 52
196 35
52 110
7 156
191 39
118 188
105 149
102 163
172 182
20 42
163 23
11 198
66 148
102 82
152 133
196 130
88 100
199 173
14 120
62 90
30 164
53 27
104 15
94 177
196 147
39 154
1 99
54 66
186 3
56 162
19 96
17 170
200 7
132 143
79 73
13 73
59 93
81 174
69 6
9 30
163 108
63 185
17 79
5 5
113 69
125 34
44 76
84 196
148 15
71 123
187 105
96 198
182 188
185 110
155 55
189 100
100 102
0 97
89 99
33 105
82 4
53 46
6 92
130 199
142 38
74 142
92 112
191 110
167 66
50 46
138 43
32 80
151 178
8 130
54 110
8 92
69 100
8 140
88 19
144 141
172 112
135 186
91 36
58 181
176 47
17 73
193 35
19 25
42 183
37 136
80 7
145 197
86 131
167 22
14 108
185 189
97 125
119 45
24 27
169 1
43 172
153 104
81 112
154 125
134 167
78 116
37 90
43 168
11 7
177 53
169 45
128 144
48 107
0 66
122 41
50 148
103 160
41 132
8 115
166 136
49 5
90 1
175 139
47 177
141 119
41 64
199 172
97 134
16 12
85 109
95 149
152 104
82 116
128 105
134 77
128 182
79 138
47 134
148 142
57 48
121 70
145 192
181 15
64 17
200 45
107 66
168 72
162 164
172 52
8 75
52 188
170 97
175 32
10 63
10 160
187 83
60 85
142 167
177 119
18 71
126 200
142 16
2 141
67 34
190 58
22 102
114 9
137 55
98 167
145 71
124 31
129 29
171 22
120 84
148 148
56 50
176 60
45 32
189 26
179 158
47 179
162 54
178 195
177 61
1 0
18 90
64 56
112 54
174 14
184 98
99 161
126 126
129 95
39 97
156 28
175 143
179 149
38 32
117 43
15 74
111 1
35 133
9 170
91 88
52 140
143 61
39 67
160 37
81 182
45 9
25 15
124 3
189 171
20 6
19 187
118 106
188 158
74 59
45 63
148 168
34 184
187 6
12 148
33 44
58 182
162 186
134 125
134 50
178 169
100 71
197 65
125 180
71 123
19 76
36 46
189 63
189 170
124 153
87 77
0 42
104 172
24 54
4 4
95 105
85 123
59 41
134 176
162 113
46 188
25 34
184 93
132 112
19 116
81 6
101 15
154 96
118 50
102 22
53 80
149 126
187 114
181 67
145 199
120 167
53 180
174 197
158 22
177 140
194 146
120 138
166 13
88 163
47 200
186 11
91 50
85 81
74 78
58 141
46 36
91 162
8 0
35 45
125 59
82 101
28 187
137 59
179 15
71 69
153 22
161 68
184 180
36 48
91 140
192 35
134 137
150 75
195 95
174 31
4 10
46 52
44 94
21 183
36 180
38 135
149 44
159 89
136 14
176 80
136 76
143 178
40 93
86 23
168 122
148 25
179 173
100 103
28 188
37 24
180 95
64 8
71 66
73 52
85 178
162 59
66 140
118 13
59 122
174 98
73 52
13 185
157 113
115 66
50 173
84 10
165 61
69 122
137 83
57 14
47 56
44 40
147 195
41 79
150 55
34 10
54 1
89 17
46 114
193 79
167 191
190 86
107 22
30 122
47 13
127 147
50 77
69 60
94 163
181 61
29 72
176 162
166 96
69 134
5 25
26 137
76 80
195 170
22 9
61 58
45 104
154 5
109 165
35 52
27 149
24 119
33 134
180 120
14 22
143 41
165 128
91 85
94 42
139 146
68 87
170 49
168 80
171 169
6 86
112 78
165 47
179 70
190 146
58 52
13 179
63 176
6 97
90 86
91 188
158 114
40 179
139 6
137 24
160 196
148 109
118 28
176 72
108 188
105 103
176 185
51 173
136 76
60 195
141 154
45 189
109 147
194 115
76 110
76 93
97 17
101 92
71 94
69 61
167 110
18 173
101 112
122 86
20 114
126 119
134 170
40 119
23 108
139 66
108 115
82 49
136 1
64 64
83 96
135 194
72 125
10 169
44 146
159 92
179 50
119 20
6 104
110 0
4 197
151 140
68 124
114 136
196 12
114 95
3 24
95 180
59 21
29 114
51 118
138 77
17 192
159 173
58 30
178 65
94 33
104 190
120 171
152 76
51 40
187 161
173 6
66 139
184 12
129 162
65 18
52 32
38 82
35 54
86 176
115 190
9 196
16 47
6 113
136 30
28 168
102 189
46 24
130 160
115 82
150 3
90 76
151 49
33 162
53 58
70 72
134 140
60 103
171 92
80 85
82 128
94 180
200 122
9 84
120 36
199 29
102 113
195 86
22 182
192 200
50 72
33 165
13 97
199 182
58 104
139 137
184 74
85 60
39 39
150 104
153 162
194 88
26 160
121 97
136 116
118 74
122 128
24 111
11 32
93 132
176 7
168 130
113 97
128 15
71 37
174 68
59 23
114 195
122 181
68 130
175 0
192 163
117 179
158 185
119 161
143 198
39 142
55 55
190 134
191 199
79 128
64 48
148 107
66 26
82 5
98 157
60 171
49 93
151 61
30 16
33 97
163 117
75 177
61 56
183 9
105 55
21 55
158 106
186 136
14 157
191 38
154 21
161 198
25 160
141 103
19 129
154 23
77 90
11 66
18 173
8 158
190 131
94 55
170 70
39 43
93 77
22 153
81 29
94 194
200 180
58 83
165 97
191 179
185 115
198 104
166 59
156 19
178 13
157 42
107 80
90 92
193 48
4 170
125 133
178 149
54 163
159 140
146 144
110 113
5 145
41 81
108 171
9 24
42 92
198 27
57 8
89 89
40 198
126 107
51 24
99 184
3 30
124 113
13 179
135 71
121 139
40 9
192 152
59 127
137 136
82 134
96 80
115 4
140 143
71 47
61 135
137 198
70 87
178 145
169 185
129 138
151 77
137 171
1 97
97 142
119 41
27 92
20 5
172 7
114 185
63 183
77 33
99 129
168 186
180 122
101 169
102 185
82 117
158 177
123 165
106 100
152 139
163 68
43 131
198 96
33 192
110 153
190 187
166 32
166 162
41 184
121 27
98 97
99 165
82 176
162 195
15 145
31 51
192 122
45 134
99 31
165 142
3 172
167 36
93 168
93 189
136 186
181 128
76 65
189 182
39 13
110 138
108 66
7 182
174 128
18 79
72 130
191 195
174 158
142 1
33 29
136 180
62 10
1 131
188 86
141 67
158 183
96 186
92 90
138 191
174 177
127 14
23 82
128 162
130 119
85 131
166 25
16 134
94 179
124 197
16 14
9 9
136 3
124 90
187 9
152 108
132 5
45 162
68 166
183 199
87 130
67 171
88 193
122 37
139 164
134 118
66 181
154 153
51 124
176 24
112 113
164 151
99 1
51 156
57 1
55 46
121 76
179 193
164 154
37 193
163 1
21 192
108 175
30 34
118 37
156 9
159 135
151 128
86 34
161 64
53 165
57 164
98 22
189 33
86 85
45 1
187 164
93 37
175 19
32 119
173 173
53 194
127 147
34 159
162 197
1 106
156 159
144 134
30 146
188 67
44 165
32 34
16 17
0 182
156 84
152 8
8 184
103 188
97 148
178 122
91 93
63 120
45 105
130 74
114 186
50 191
90 139
4 192
171 157
9 104
73 46
167 126
58 90
180 1
181 176
102 126
196 126
178 14
115 144
50 123
139 190
76 11
33 143
60 26
197 3
138 28
52 88
114 87
145 38
171 172
38 8
39 64
184 30
139 146
117 71
1 126
155 70
13 27
148 122
50 73
19 59
33 3
64 27
8 131
21 19
165 114
184 34
174 129
126 200
169 76
112 63
9 30
31 71
156 5
107 184
121 147
61 182
90 95
4 76
153 84
181 60
186 104
104 192
80 113
49 22
167 180
90 27
121 191
79 54
150 138
184 74
69 126
139 98
64 96
122 142
69 58
20 33
131 200
87 92
63 85
103 12
4 174
46 52
74 137
100 151
131 193
5 136
5 10
143 43
193 14
30 41
59 149
80 186
103 136
14 169
121 36
36 69
77 49
46 46
148 25
11 106
163 126
48 117
71 163
16 4
27 85
144 108
102 57
9 100
94 44
141 27
165 199
138 47
103 13
162 36
64 71
74 70
162 156
37 78
7 110
44 192
1 129
58 8
60 198
199 96
107 83
163 110
47 54
89 130
103 11
83 58
11 157
3 71
81 183
50 88
199 100
7 10
158 176
49 60
31 63
187 177
8 64
48 150
22 123
172 102
73 67
44 43
5 131
38 163
57 132
190 94
143 47
107 149
185 1
125 93
193 105
66 2
12 138
158 148
85 96
96 81
57 95
182 140
30 64
145 42
48 96
18 3
23 55
68 188
30 102
27 160
190 24
86 88
194 72
26 101
117 100
63 155
156 73
98 85
69 90
108 55
187 40
192 133
41 82
112 51
129 168
132 150
27 179
108 168
79 83
22 194
140 29
104 140
43 146
195 57
123 72
17 116
150 69
104 51
176 98
0 1
181 35
176 19
40 188
7 90
154 135
85 107
197 26
192 16
177 134
190 191
5 199
98 176
22 53
189 21
5 198
92 126
70 26
88 20
31 110
51 17
186 119
129 184
22 85
165 147
43 73
140 52
115 163
91 117
118 124
119 134
99 39
132 53
94 200
24 35
82 52
183 9
7 152
92 126
104 147
155 41
31 72
69 191
91 111
26 8
137 88
15 24
196 114
136 57
112 177
179 105
37 189
66 199
88 75
133 149
117 15
129 170
104 83
104 36
120 127
77 172
36 154
109 103
196 123
50 134
142 81
131 39
8 164
59 38
58 182
176 101
9 64
135 10
80 61
29 130
39 125
63 103
162 132
9 153
164 33
185 150
19 100
167 172
162 38
110 35
182 83
131 139
64 53
198 157
76 197
176 0
173 25
176 8
177 1
2 129
145 6
149 15
84 80
118 156
40 185
131 145
183 33
165 79
177 126
144 41
3 144
195 163
159 105
200 169
92 71
8 147
31 190
128 18
92 200
158 99
157 15
1 194
191 122
37 32
157 135
1 3
41 121
169 39
149 75
198 119
87 167
126 95
147 18
25 82
24 30
49 136
196 138
121 181
5 45
167 59
164 111
200 193
137 74
63 19
67 162
134 1
34 136
55 98
63 13
157 84
189 124
9 196
144 23
165 76
175 140
50 141
144 81
70 2
191 38
50 164
175 168
187 32
106 78
32 163
180 136
91 138
47 39
33 31
28 158
114 11
136 16
178 35
49 159
9 120
191 187
68 127
63 89
172 2
149 51
132 111
58 111
185 98
0 43
34 141
182 145
66 2
42 0
94 152
108 18
153 167
84 161
39 67
111 126
122 97
105 144
105 166
193 104
36 24
94 107
64 97
175 28
178 11
31 192
31 184
49 124
103 172
174 106
90 139
176 137
142 118
132 79
53 66
69 18
185 112
190 5
134 175
60 59
93 52
5 31
114 9
155 110
105 143
38 95
19 179
11 133
144 32
78 182
190 159
29 192
132 39
0 80
170 9
164 25
157 29
9 56
37 93
38 6
102 59
118 133
15 162
163 127
91 193
96 62
101 0
20 84
197 93
96 36
27 112
137 40
180 33
90 53
174 59
110 113
164 112
75 44
123 91
47 51
127 64
50 106
107 54
112 10
46 5
59 68
27 19
13 127
91 156
22 129
121 54
109 115
9 140
157 37
198 116
41 95
25 56
98 155
182 110
0 199
147 78
104 169
191 92
150 39
192 178
24 84
57 133
167 45
68 41
162 165
91 196
173 195
117 158
141 47
84 144
158 129
105 95
118 52
131 194
12 98
33 15
189 20
0 147
80 100
133 146
20 36
133 191
23 200
37 61
62 180
1 36
78 182
195 27
133 196
7 57
69 4
120 2
84 199
51 7
96 148
57 99
65 39
68 190
21 16
197 94
199 161
88 3
124 99
181 104
147 19
145 189
167 135
139 17
189 22
28 142
135 135
129 146
176 183
166 65
187 55
194 109
91 97
102 118
105 199
125 140
73 18
152 158
161 94
90 3
109 194
193 43
106 176
117 72
93 9
6 91
18 169
180 114
30 4
53 73
105 14
96 149
42 63
94 173
163 154
39 51
52 56
98 90
107 173
160 156
161 125
113 191
32 147
6 178
65 168
43 84
3 168
169 31
124 139
196 157
8 69
54 124
163 151
116 166
23 135
55 56
72 139
31 169
188 116
161 26
3 143
154 104
151 87
141 76
108 137
176 54
14 12
1 106
168 164
91 73
61 101
185 28
28 131
102 43
82 82
66 34
65 158
180 15
152 191
199 182
42 183
130 109
106 179
85 119
152 143
110 116
195 157
150 63
91 48
12 8
183 124
126 49
107 21
93 50
170 59
182 91
51 80
118 157
104 52
132 173
163 23
120 62
166 70
73 189
44 115
98 76
84 54
139 188
73 103
174 139
53 154
172 40
194 98
50 194
128 179
106 81
94 58
177 184
128 35
105 84
102 109
171 167
173 185
56 30
143 43
25 19
158 67
23 108
179 50
27 193
85 27
122 69
54 6
130 163
39 132
24 29
180 25
196 163
106 95
69 62
151 93
33 90
27 126
72 114
39 17
132 174
193 136
114 22
116 168
126 12
169 97
166 10
164 102
163 139
54 95
40 146
2 200
4 63
185 122
70 151
134 189
108 178
48 144
165 118
64 14
148 38
93 80
83 31
146 139
102 109
127 149
69 5
102 104
9 15
12 119
129 142
179 152
141 125
39 29
47 33
16 43
20 175
120 42
192 97
72 9
130 32
181 100
113 141
95 2
144 160
157 176
56 93
101 125
156 10
164 163
89 62
67 28
96 186
199 136
10 86
96 99
108 155
15 25
11 79
110 143
135 187
136 87
126 174
55 132
91 93
4 41
0 81
89 40
74 2
176 138
28 49
13 48
158 35
64 160
70 42
165 169
102 104
107 87
81 47
65 118
166 139
41 48
94 166
168 68
76 146
79 120
169 133
11 152
116 109
126 83
143 86
44 148
159 78
49 108
99 154
114 188
156 66
171 25
107 99
32 179
194 33
154 142
161 137
96 1
135 45
131 200
161 60
168 80
171 97
67 86
75 195
110 35
147 6
66 64
59 5
49 148
12 30
11 166
56 164
151 174
18 89
9 6
178 36
10 173
98 166
71 32
32 166
21 141
155 22
181 7
3 67
136 40
53 121
60 25
197 120
17 190
114 196
41 122
20 152
24 39
195 65
186 176
33 104
176 140
22 67
128 48
200 182
14 145
176 137
92 94
19 101
33 182
30 43
195 101
77 71
64 107
102 31
118 48
199 149
125 162
136 152
122 71
162 137
141 11
178 161
179 82
61 130
1 47
23 116
157 160
165 162
29 171
150 194
90 100
138 128
40 170
130 92
22 156
81 124
84 124
174 57
27 12
31 163
198 175
55 69
89 10
21 112
145 1
74 115
186 34
42 181
150 75
9 110
136 116
94 157
111 134
192 91
167 4
107 165
21 33
53 74
199 14
81 129
29 95
182 187
182 28
69 138
119 115
14 171
123 74
140 125
144 75
96 109
74 111
142 67
8 120
126 139
73 51
171 113
197 113
46 101
54 35
47 71
176 44
59 167
62 148
141 107
156 113
188 96
163 156
93 122
132 127
105 71
1 174
82 175
141 38
166 53
87 46
34 165
36 51
55 164
26 40
140 12
71 179
89 30
172 158
108 88
137 106
23 36
139 87
132 129
83 3
97 100
33 18
107 180
17 59
200 42
56 57
7 155
100 82
77 27
9 34
10 88
115 134
4 87
56 111
2 114
14 10
175 47
12 179
171 86
79 171
84 171
36 58
120 118
35 164
139 48
59 188
84 142
177 58
123 18
68 193
91 4
134 103
156 118
188 110
180 150
126 3
38 61
24 33
143 114
59 16
163 25
160 16
169 72
163 74
124 190
112 164
181 183
92 79
57 119
200 183
52 35
46 137
169 120
8 120
23 199
174 161
63 166
141 56
64 97
197 127
110 32
153 73
138 33
114 129
16 200
25 37
176 106
8 80
122 162
112 94
134 89
148 82
35 11
123 183
60 31
200 182
106 186
23 143
109 39
132 179
26 55
142 88
38 148
96 71
164 52
167 16
128 104
124 161
139 22
10 71
7 167
187 90
1 59
153 185
111 136
62 173
197 181
141 87
181 50
88 47
37 40
146 56
169 180
105 160
166 118
78 20
153 26
134 179
185 179
127 133
58 161
62 158
11 105
72 56
55 124
118 113
23 33
89 150
107 99
187 140
110 50
178 180
28 41
185 69
175 72
4 190
168 154
5 38
137 144
48 152
32 194
100 119
124 196
39 95
138 178
174 80
92 171
135 196
105 138
27 120
29 18
171 157
168 175
61 110
133 30
75 125
155 125
136 38
72 152
115 19
135 158
26 56
120 136
82 145
157 158
79 135
122 116
17 166
2 143
177 107
167 39
177 37
123 173
32 63
86 29
168 28
144 91
25 170
125 116
87 48
24 60
181 78
147 196
155 196
78 17
2 104
174 22
68 13
138 176
22 192
18 17
135 99
122 2
112 42
116 1
95 121
101 107
156 137
145 191
67 38
98 133
19 22
185 118
78 180
90 177
153 188
66 32
76 81
101 139
120 110
71 196
9 121
23 132
14 41
70 63
192 41
16 54
139 184
119 149
163 128
17 116
139 176
132 164
168 8
8 101
74 165
113 12
160 189
189 134
55 35
3 56
9 4
146 50
112 25
80 163
24 189
8 90
24 167
117 136
95 101
75 12
36 31
142 94
114 189
115 107
43 116
128 57
149 142
183 34
84 82
46 164
150 200
185 116
4 180
172 52
60 63
149 185
44 138
139 194
66 109
90 117
130 104
98 159
150 81
46 171
80 197
26 13
53 140
24 168
104 102
119 8
167 5
200 22
58 192
176 143
95 119
85 4
149 94
168 80
161 164
99 3
133 177
92 144
63 84
25 105
185 47
55 161
200 134
51 104
128 81
167 12
115 143
48 60
9 3
72 131
166 83
26 30
132 96
109 33
84 50
159 183
142 149
49 61
83 20
188 70
51 93
132 76
135 78
28 165
67 72
10 142
44 167
106 145
139 51
44 187
145 24
173 194
155 41
58 59
133 54
25 175
9 71
50 25
33 64
62 189
138 26
48 195
58 192
101 116
27 15
13 90
1 132
82 31
180 131
23 151
114 77
22 121
38 146
156 14
3 53
131 37
113 60
117 20
136 150
14 91
9 28
33 127
126 139
76 87
6 189
130 37
6 22
5 22
3 70
74 68
31 160
4 83
146 132
45 31
145 4
53 127
105 35
133 144
174 11
190 73
16 45
160 113
67 59
180 140
64 121
195 17
69 105
80 53
198 137
70 62
115 74
197 101
154 92
87 35
155 106
87 79
15 86
71 192
61 77
111 173
25 55
79 60
132 59
177 84
32 93
129 170
158 170
168 31
62 89
193 62
122 147
26 153
96 178
71 175
123 187
145 82
64 43
179 45
51 52
155 116
93 193
184 186
158 159
46 97
7 118
164 56
84 53
174 164
114 117
39 189
198 61
171 72
84 136
66 99
175 86
94 27
80 53
21 185
40 95
185 78
87 5
69 174
43 147
86 165
106 65
34 40
82 68
53 132
192 77
125 136
118 21
44 37
57 55
96 186
176 196
96 131
178 6
123 160
12 37
15 78
87 142
118 152
97 41
125 140
126 110
64 152
84 53
190 145
146 17
179 182
4 117
38 28
82 135
53 191
192 113
100 182
94 182
44 167
87 196
20 56
107 21
189 14
96 114
173 61
8 64
190 192
38 113
137 146
112 195
5 12
169 41
30 49
0 135
102 165
118 200
171 180
142 74
101 1
60 184
30 160
29 19
53 80
24 20
98 143
61 54
107 4
75 157
118 99
117 113
129 68
30 185
45 146
1 141
136 195
84 2
191 121
142 188
51 59
101 55
61 48
67 95
200 24
80 6
39 83
105 138
180 33
43 23
95 104
189 45
30 182
13 149
5 71
198 178
170 55
198 118
22 50
197 62
80 70
34 92
81 45
198 12
92 72
93 95
166 139
42 47
81 54
14 67
168 13
39 149
146 59
158 39
191 12
95 72
3 15
64 120
61 166
133 45
13 172
67 169
130 126
165 96
170 129
15 159
32 15
12 157
150 189
43 180
56 62
56 42
164 36
114 129
51 7
9 125
35 26
14 148
68 96
193 36
197 85
109 72
97 188
84 115
49 160
58 7
192 119
35 49
123 153
122 74
130 44
54 86
140 30
94 14
194 100
32 128
33 118
158 58
2 93
55 92
9 33
106 92
162 154
116 200
171 24
39 174
153 90
188 2
138 165
123 77
90 56
147 193
81 101
2 147
119 124
28 181
93 40
137 88
200 23
5 141
123 167
78 116
89 186
180 76
156 34
65 99
99 71
144 19
195 76
186 152
100 56
13 166
109 101
88 147
196 51
157 117
49 111
59 23
37 120
111 29
97 63
35 4
129 111
68 142
171 106
68 198
137 15
95 139
176 172
80 54
32 12
87 2
117 160
101 195
76 123
29 178
93 182
153 19
48 167
120 22
118 23
71 81
7 57
156 27
30 159
29 195
97 145
48 95
182 158
182 115
191 43
80 191
25 66
163 146
63 189
173 156
109 39
36 11
193 199
89 54
130 80
137 37
53 42
186 122
181 78
37 200
30 119
78 108
125 95
55 142
104 6
99 197
12 23
0 64
90 102
109 5
79 139
6 136
114 109
102 199
27 184
47 50
93 192
114 197
91 121
116 28
122 71
121 95
138 172
112 36
171 13
119 192
0 106
103 121
34 62
16 27
67 186
58 137
177 141
47 32
192 121
12 53
130 22
138 0
158 4
109 135
73 155
138 144
35 143
179 96
127 101
64 17
95 151
117 9
7 140
74 186
106 189
25 62
119 119
160 105
61 174
191 177
11 90
140 157
132 93
126 120
94 142
97 41
58 148
12 85
138 81
113 124
188 131
20 73
52 115
93 66
80 143
134 108
191 117
103 177
8 113
11 18
183 100
135 108
24 137
28 0
140 76
33 59
127 25
110 164
81 96
38 63
93 50
144 5
84 196
146 107
105 151
30 199
127 36
169 29
16 35
36 103
42 11
54 6
77 27
118 143
67 12
132 44
14 170
49 114
100 151
75 62
147 142
105 134
139 168
158 25
66 119
87 173
119 160
185 126
122 167
164 148
149 142
119 122
185 164
1 118
49 195
170 21
118 57
59 167
5 49
46 120
189 7
99 113
20 47
89 36
78 200
95 29
188 20
181 56
148 81
115 87
44 112
199 106
42 185
48 155
51 150
106 15
172 99
112 76
40 62
16 151
177 2
138 52
54 27
61 190
133 64
90 104
48 5
137 142
127 55
163 89
163 108
198 170
67 7
187 129
85 158
25 112
195 10
158 180
194 2
124 174
116 19
10 83
89 99
99 55
110 22
195 109
194 27
14 178
35 37
72 192
101 57
55 170
160 186
183 86
85 85
111 75
172 92
195 172
102 21
41 167
60 97
165 85
119 173
126 182
189 15
106 122
20 48
87 124
151 105
73 87
112 92
75 23
3 161
59 39
166 152
10 79
151 138
130 114
109 58
5 174
119 56
143 54
61 149
94 55
11 56
91 105
70 137
133 28
171 193
1 141
41 139
10 2
170 14
33 181
30 179
159 152
187 132
171 136
109 110
129 133
135 135
185 193
154 74
124 60
108 36
29 199
150 147
84 21
109 200
174 59
164 10
42 171
39 96
103 135
52 46
4 172
115 129
139 64
20 132
200 30
107 4
135 18
198 196
91 138
114 170
63 25
166 114
139 152
35 76
145 171
66 92
88 55
101 51
32 63
87 10
113 111
140 10
141 81
66 98
176 96
0 138
119 114
112 160
108 69
138 122
142 32
196 60
171 86
138 146
82 86
98 102
122 164
86 41
148 157
125 51
153 188
124 95
160 190
196 95
136 180
191 149
41 7
58 185
171 148
187 104
49 31
141 74
114 161
151 82
62 85
135 88
139 166
128 119
163 180
131 102
191 158
114 97
176 122
195 65
187 98
6 9
11 47
51 178
147 52
150 105
174 168
70 181
150 102
127 6
104 22
194 189
164 37
66 94
82 146
178 168
43 99
96 128
132 4
199 103
156 48
139 192
179 146
177 59
70 20
49 184
195 152
55 142
109 130
35 63
180 64
26 198
179 1
134 61
134 125
137 185
124 86
13 175
56 95
60 134
110 111
146 184
81 51
62 97
2 19
120 83
189 5
92 185
148 71
96 169
192 48
175 122
66 181
75 103
96 137
166 123
109 39
199 196
98 47
189 110
126 42
146 116
72 134
165 19
75 32
39 67
164 149