200
195 157
31 119
70 167
200 166
92 181
46 75
70 89
183 71
65 163
44 169
127 171
77 61
158 125
105 40
134 61
195 104
158 161
141 6
168 97
73 28
29 121
25 162
105 199
196 114
141 83
41 180
90 30
116 11
182 66
39 144
117 5
145 189
130 156
90 50
60 4
32 27
38 133
61 75
41 31
57 159
27 175
57 90
3 97
153 196
51 44
108 152
14 169
78 33
82 162
82 193
16 95
26 31
96 15
85 35
79 95
28 148
83 22
170 155
194 177
121 28
191 121
63 187
136 177
142 12
10 158
200 12
14 152
107 18
14 23
88 145
134 85
96 183
25 54
73 13
138 148
142 12
142 36
180 48
78 47
22 47
46 88
44 95
35 15
4 4
166 179
72 121
75 188
156 178
140 141
140 170
35 110
121 38
166 73
166 87
0 63
41 114
188 28
85 166
112 167
55 16
67 125
83 146
42 1
0 6
75 21
52 154
57 53
131 68
184 109
117 29
180 14
122 189
10 199
68 138
35 116
20 22
24 187
171 22
27 133
172 40
175 55
32 22
50 92
197 106
148 199
135 124
144 179
142 10
200 41
152 129
199 22
70 138
43 108
7 193
142 36
108 71
154 49
122 93
127 146
83 10
172 37
197 140
13 26
98 182
103 117
75 100
171 137
36 6
23 23
126 25
87 104
45 89
25 50
167 54
163 4
181 44
71 172
136 46
182 121
46 71
121 52
49 66
45 7
39 100
125 173
136 114
69 30
123 59
24 176
49 122
167 192
160 128
71 73
88 69
13 50
167 77
17 83
197 46
15 157
182 102
167 6
15 42
29 101
86 124
178 120
53 7
91 153
156 137
95 6
131 15
8 25
176 72
173 153
3 71
161 48
142 170
173 28
168 66
118 195
111 131
71 19
109 68
62 57
63 151
125 142
50 87
100 11
27 139
101 125
185 112
61 81
101 112
168 35
170 18
107 164
150 102
15 184
13 100
129 99
11 45
4 112
142 160
99 141
88 148
151 57
175 145
124 84
73 141
186 4
134 86
23 34
13 49
56 28
28 9
52 77
180 41
118 97
149 166
160 108
172 18
136 45
111 31
158 112
42 80
34 187
188 94
182 7
128 34
140 54
35 6
36 9
13 129
191 97
91 181
190 136
37 161
192 112
147 157
172 64
149 87
26 108
98 79
23 136
23 30
100 110
22 163
56 81
114 16
161 163
42 187
182 168
111 132
94 66
108 108
60 108
105 49
151 57
152 129
199 76
28 149
171 182
188 73
124 149
134 70
119 43
129 67
39 43
2 58
96 48
91 84
17 198
43 31
161 102
199 36
178 57
130 83
172 96
184 134
27 12
42 83
19 22
53 80
65 139
0 12
101 151
112 93
8 97
176 149
7 157
10 52
109 80
93 130
200 66
39 153
146 171
26 200
181 14
23 189
21 138
72 91
35 134
102 13
150 136
62 8
176 112
187 194
0 184
125 78
66 17
109 158
198 184
87 197
115 13
172 182
46 193
124 102
89 195
115 180
53 69
13 109
164 45
118 11
136 99
31 113
126 127
161 40
90 11
154 52
157 96
30 98
11 150
79 82
152 189
165 116
158 91
62 184
19 26
147 199
85 52
70 162
112 127
183 92
73 121
11 144
171 190
47 26
140 66
12 96
134 37
141 28
90 49
198 122
145 188
84 95
124 177
29 25
123 5
149 7
88 181
91 39
26 31
50 16
94 95
171 111
1 85
193 56
6 68
177 181
37 144
154 15
20 45
88 106
144 110
93 94
7 133
169 107
30 92
36 44
180 48
176 141
188 147
62 113
126 100
74 178
57 186
156 41
174 182
52 180
192 73
180 115
0 178
113 147
198 77
137 178
167 2
54 26
161 59
170 179
121 103
20 69
143 56
65 126
168 54
17 85
146 44
112 19
186 83
11 168
61 102
145 167
141 89
145 63
99 53
167 74
131 156
142 55
158 165
29 24
32 155
130 25
177 81
117 85
19 85
127 25
111 197
82 21
121 97
54 90
179 18
114 167
42 88
168 187
17 78
83 76
114 132
98 33
21 39
29 78
9 63
179 157
100 94
153 63
39 179
40 133
152 184
172 65
143 189
173 92
21 128
178 34
132 110
171 190
105 198
129 48
128 16
63 184
14 19
25 20
149 191
166 200
157 63
89 83
2 82
142 172
87 58
185 173
196 85
82 16
150 172
110 199
150 180
87 99
28 188
40 84
70 77
162 75
85 126
28 41
164 104
70 96
72 124
0 53
78 89
113 44
93 133
77 117
123 97
182 170
72 35
77 97
63 169
183 79
68 158
84 132
60 121
74 119
34 33
129 34
84 115
138 38
24 181
107 128
109 103
75 69
173 157
100 128
58 185
76 81
130 125
7 54
64 89
19 35
110 187
90 16
122 128
159 76
67 98
190 86
5 17
48 107
3 91
175 152
80 15
47 35
65 126
7 7
122 31
65 82
199 97
60 180
161 112
186 4
98 56
55 165
17 43
80 93
75 6
127 38
102 97
78 182
127 61
102 29
114 51
33 0
178 72
34 183
29 123
194 59
34 45
195 80
32 153
11 18
67 48
57 65
106 61
177 130
31 68
137 67
51 77
96 174
91 157
147 188
108 36
187 60
49 151
106 178
183 6
189 181
146 101
49 150
64 5
168 69
129 89
152 2
66 124
145 104
157 100
67 57
117 101
52 116
102 100
162 13
144 100
34 191
74 12
160 167
101 122
16 38
47 54
156 126
5 35
81 46
65 145
23 177
148 13
12 96
75 93
16 5
119 197
155 32
28 141
66 63
185 185
165 142
51 84
9 129
196 158
116 89
17 106
50 136
66 13
23 5
52 6
115 17
66 44
71 16
16 108
139 197
89 82
102 51
8 133
182 196
176 61
116 86
66 98
114 59
160 144
2 124
119 154
170 145
151 12
118 171
136 75
85 143
18 165
137 41
108 145
71 25
66 52
147 26
88 20
73 33
27 186
140 196
71 49
142 130
90 5
199 165
110 24
79 85
104 191
189 50
72 87
131 103
118 176
21 3
134 102
177 73
81 183
119 70
188 60
189 141
45 189
186 65
71 137
195 98
86 129
199 31
54 3
1 98
127 49
136 100
18 0
176 106
24 140
103 64
141 111
78 63
20 89
44 188
37 132
89 92
37 122
24 189
112 125
73 38
195 137
23 155
167 5
59 6
152 157
135 24
191 66
31 69
117 82
120 66
165 27
147 74
3 101
32 197
22 177
83 129
152 6
168 11
176 11
79 123
159 0
194 136
132 18
123 39
153 93
137 117
21 120
104 0
57 135
194 47
11 112
61 149
37 55
50 140
54 186
116 179
72 76
125 154
192 13
157 60
165 60
107 129
166 63
188 165
177 197
29 40
138 154
149 124
129 40
139 125
48 110
127 75
130 184
177 71
50 69
104 124
55 45
31 113
148 128
47 76
33 161
91 64
131 59
79 108
129 74
31 114
124 148
55 191
120 98
15 33
60 159
85 141
78 141
143 195
176 104
152 1
2 143
62 108
88 28
107 54
35 98
39 138
95 196
184 95
147 40
186 122
144 60
55 183
53 156
31 78
85 165
79 78
80 123
51 73
21 156
166 95
44 184
105 102
95 163
76 173
149 44
87 37
66 197
95 119
74 143
90 175
148 162
46 12
145 145
106 199
0 184
80 1
90 153
47 5
64 45
103 123
183 92
61 41
26 180
0 6
52 143
82 128
69 31
57 188
160 161
63 9
162 193
42 180
45 74
190 77
27 110
181 134
191 79
142 107
177 26
84 75
87 197
185 63
35 40
57 199
61 186
181 144
148 30
18 62
160 83
143 2
191 121
136 85
19 105
154 78
150 70
43 50
175 179
68 38
159 16
112 172
166 141
93 26
87 188
103 92
37 152
153 110
14 139
25 16
98 176
40 174
121 143
57 106
70 118
129 4
10 56
93 2
99 70
10 53
161 106
164 24
65 38
163 44
143 70
141 61
113 167
155 193
160 87
110 4
148 27
107 10
16 132
178 169
64 155
65 162
128 13
53 100
2 83
86 66
110 71
94 149
171 27
68 53
9 23
109 123
88 84
76 13
131 136
9 125
130 174
108 140
166 1
7 106
114 168
34 144
120 145
158 108
39 90
162 52
45 33
152 191
89 200
158 158
6 134
170 135
89 185
148 115
136 175
123 83
168 170
66 68
22 134
6 23
149 64
197 42
146 195
4 91
174 4
34 30
75 197
61 44
30 86
110 173
1 83
22 16
170 170
119 59
79 137
100 97
182 124
146 184
59 10
35 179
197 35
96 184
104 92
7 91
127 104
54 130
1 121
189 3
2 42
124 145
32 182
105 23
158 14
72 18
36 177
153 153
122 114
95 78
86 103
116 91
192 147
65 165
7 59
170 90
165 23
65 179
48 89
39 22
140 52
94 35
36 16
57 164
172 182
3 27
116 124
29 28
24 100
96 27
100 160
147 126
22 161
158 2
82 104
41 183
98 117
17 70
194 124
40 71
22 195
31 32
134 192
17 166
129 73
128 148
38 73
68 168
166 28
8 90
177 66
167 177
155 33
117 182
178 58
65 31
23 4
84 39
164 3
64 97
69 84
198 113
128 113
72 110
153 194
95 189
57 6
166 26
191 68
184 117
99 147
77 100
183 119
167 28
92 65
100 50
186 93
184 97
67 195
150 49
0 165
151 73
79 184
195 171
15 15
13 200
183 139
124 137
139 28
177 113
125 105
13 85
97 56
180 95
46 173
150 5
75 167
63 71
60 7
56 147
32 38
80 61
45 162
124 188
5 51
16 66
46 90
165 114
183 14
147 68
41 195
114 46
56 71
53 156
111 63
68 189
163 69
87 47
55 184
182 23
120 195
15 34
88 191
87 87
49 112
71 45
68 136
41 100
127 170
75 125
88 59
73 70
2 93
106 189
130 198
10 156
142 101
128 190
134 163
22 65
101 169
83 73
41 12
122 82
35 44
117 161
121 71
78 10
23 105
200 11
49 81
39 131
42 68
87 37
198 8
138 116
185 29
74 193
191 75
50 0
175 191
74 5
108 44
186 6
173 5
160 199
95 7
67 154
114 185
88 38
112 135
185 88
67 193
91 70
75 4
146 55
26 106
34 28
23 166
131 116
106 27
68 189
146 90
15 45
40 176
164 18
28 87
25 186
138 2
6 13
125 188
183 173
98 139
190 177
164 2
175 71
167 49
8 165
184 153
46 174
58 113
85 154
118 40
45 95
6 27
143 157
38 0
142 59
80 156
170 109
117 174
190 11
47 68
25 45
133 68
36 175
57 181
57 19
162 192
8 40
19 63
171 17
58 174
54 43
88 101
60 38
164 177
41 58
94 48
97 126
76 121
127 16
188 171
56 116
0 31
146 90
60 32
61 137
194 156
36 168
117 154
158 20
130 11
36 85
199 64
91 143
74 176
10 30
1 188
166 185
63 183
104 191
96 193
100 25
2 135
85 132
1 12
28 196
130 119
107 135
48 128
121 164
35 0
96 51
21 175
67 192
149 61
72 43
163 189
25 27
148 37
24 7
72 55
194 198
142 134
184 95
143 167
30 160
113 33
52 83
18 93
28 117
90 132
161 73
67 145
16 109
84 196
18 84
131 15
106 135
187 193
133 17
194 132
33 182
114 4
11 140
61 59
72 7
0 27
32 52
117 188
92 35
197 88
107 72
128 174
162 15
119 79
185 169
13 108
132 82
18 16
83 199
109 199
126 163
65 120
63 176
185 169
32 113
96 2
87 131
177 191
183 123
29 80
119 191
171 198
154 129
186 34
112 134
56 83
74 88
129 135
29 127
54 83
45 196
22 182
9 146
105 187
181 167
104 43
56 136
167 139
82 195
73 20
22 19
127 99
180 100
181 15
21 99
32 174
25 138
50 65
103 194
118 166
97 37
171 136
13 111
82 159
62 198
83 0
90 134
17 138
53 181
30 151
9 113
28 16
176 144
86 74
114 89
106 92
40 157
166 78
163 190
92 184
130 106
43 54
162 51
54 176
26 106
162 190
68 15
95 95
191 127
187 77
48 2
75 140
181 174
94 130
30 36
16 191
8 111
135 33
36 69
83 172
189 126
116 168
160 169
92 96
27 189
14 97
128 1
97 153
116 112
77 194
129 87
166 161
153 45
193 27
198 70
104 8
66 156
60 134
156 51
183 34
93 104
62 145
131 12
109 169
38 121
122 41
103 62
103 106
172 100
121 56
134 115
107 47
167 197
26 41
101 46
112 170
135 199
3 188
23 21
123 27
158 167
172 9
177 163
176 120
70 39
85 42
87 113
44 171
56 112
63 10
136 6
172 161
119 88
144 117
167 31
154 29
117 50
88 12
109 47
68 98
51 156
49 35
169 41
88 127
173 132
189 192
102 109
59 88
138 170
42 174
162 182
67 166
38 23
29 2
23 145
76 37
199 167
79 4
66 92
29 65
37 176
8 197
20 172
47 176
196 6
104 27
137 179
155 4
165 64
126 189
180 80
188 75
99 135
152 157
186 187
1 178
57 2
92 164
173 105
56 90
74 92
79 157
107 59
192 106
120 19
194 160
132 39
83 40
182 113
185 75
178 105
83 55
81 85
190 5
163 1
86 164
192 10
123 26
139 108
196 135
179 3
77 14
3 40
161 193
156 31
145 184
190 114
59 165
121 25
74 150
119 54
26 31
100 121
134 33
186 94
27 155
200 130
197 148
185 150
17 168
100 134
49 70
61 112
34 81
138 73
114 43
53 13
198 42
72 117
107 98
143 30
136 72
73 170
66 30
81 197
168 167
13 80
168 9
24 45
3 38
169 89
10 190
178 92
100 129
182 164
133 10
3 44
20 86
107 174
149 167
102 164
92 21
123 145
97 77
15 12
2 121
100 46
19 185
172 44
77 111
127 121
111 197
32 20
102 22
114 134
153 142
171 177
174 147
173 141
57 80
1 193
199 87
192 82
56 114
187 143
159 21
99 69
76 23
1 188
139 93
120 169
33 37
165 102
68 6
52 113
24 122
60 25
38 148
62 84
68 96
161 183
101 197
114 149
150 165
31 166
155 73
98 65
104 184
1 156
104 54
31 43
29 106
50 158
3 192
92 56
120 122
181 5
196 70
40 17
80 198
147 166
172 36
154 88
76 21
101 57
24 176
74 11
129 20
110 161
120 108
140 167
169 153
92 6
8 85
18 113
42 106
179 43
122 121
60 196
183 123
97 143
2 187
132 9
16 159
14 15
86 144
80 190
57 9
46 123
170 24
86 186
124 87
24 184
36 29
191 80
53 115
152 194
10 47
198 108
64 124
54 139
79 129
43 99
171 172
75 157
123 73
143 8
135 117
155 157
129 110
195 173
82 168
168 148
140 133
143 16
59 70
114 121
150 199
92 122
196 16
108 133
194 18
122 25
178 7
182 162
198 98
3 133
135 118
34 99
113 196
175 185
117 156
116 51
162 176
159 184
182 113
71 115
147 1
82 159
15 195
125 74
81 27
123 89
157 41
82 125
88 40
31 127
39 88
101 14
51 19
51 7
61 160
149 25
135 73
53 61
9 175
46 195
119 42
137 150
54 109
170 132
75 39
121 125
6 162
126 177
145 31
180 128
2 64
46 54
142 199
105 105
158 1
115 132
24 53
145 24
69 113
147 54
107 116
189 189
195 134
178 75
32 111
9 167
17 61
27 97
55 54
177 171
83 169
93 29
184 80
24 41
41 50
86 72
186 115
47 153
88 109
27 21
78 10
72 165
130 74
169 112
19 44
91 40
115 135
8 144
58 67
111 51
92 73
48 85
174 0
27 186
73 108
196 76
157 190
8 81
23 2
106 171
199 101
0 82
132 193
72 17
8 169
143 124
46 111
80 197
13 4
45 140
138 33
41 93
88 174
67 177
36 152
58 55
85 106
100 120
146 35
30 41
72 189
53 187
125 0
83 142
147 167
89 6
35 171
44 183
145 51
130 166
92 173
182 45
121 156
39 175
31 191
159 96
27 109
163 126
123 70
56 29
38 69
147 29
75 155
171 63
59 50
175 75
134 160
20 103
142 133
191 183
49 38
41 1
148 122
96 150
140 122
128 191
15 35
102 195
60 59
184 176
80 80
101 58
164 39
149 144
57 36
107 200
110 135
151 151
71 26
82 165
10 0
41 16
52 178
121 73
12 200
72 164
67 98
92 104
116 196
33 155
72 30
52 137
86 71
2 155
8 148
139 112
161 58
38 197
195 119
162 169
52 0
134 71
17 66
200 21
176 67
113 100
200 7
115 12
170 160
3 110
118 199
158 37
167 175
119 8
185 38
93 151
111 93
114 78
103 197
193 198
75 49
13 23
97 15
99 135
193 78
23 151
29 95
193 168
35 69
13 178
152 45
116 132
3 82
159 85
100 31
6 141
200 120
109 27
186 64
76 24
139 82
138 48
58 54
167 128
18 198
49 142
169 185
5 11
12 84
43 190
13 26
137 139
15 43
34 191
192 161
2 132
96 5
90 107
119 188
130 176
128 1
22 45
183 60
122 181
132 23
196 43
123 116
31 143
28 103
166 110
15 35
165 124
85 199
10 52
119 180
4 5
6 20
107 43
110 72
162 176
79 17
165 175
170 35
149 120
121 139
144 77
87 100
175 178
162 98
191 173
86 115
180 48
90 42
1 38
174 14
148 2
163 131
23 148
55 91
80 159
61 134
159 90
180 100
178 106
125 101
42 10
193 78
29 190
197 152
59 120
142 189
172 1
160 70
94 167
138 22
27 134
64 105
60 140
75 116
152 91
54 186
24 69
93 23
53 156
5 67
114 69
168 200
113 127
57 48
24 60
9 40
34 83
17 91
38 36
147 121
129 196
61 186
41 142
175 22
58 196
52 7
160 84
175 96
74 110
166 160
28 155
16 45
125 40
81 13
191 110
16 0
122 140
25 74
63 13
7 17
15 99
104 141
183 98
97 165
68 183
155 73
85 125
77 76
108 120
2 120
193 75
15 183
166 99
112 96
84 172
192 39
92 190
119 69
6 22
39 154
157 169
147 174
16 93
124 129
153 38
56 58
184 35
177 27
181 78
132 117
127 86
138 95
97 44
188 73
53 94
85 115
176 72
186 191
95 82
115 27
77 162
40 107
105 58
180 148
50 198
37 99
137 101
49 107
95 89
138 22
43 189
175 150
103 116
57 116
70 61
196 49
143 133
57 53
66 16
45 145
97 166
85 90
42 16
26 92
133 155
106 91
174 167
49 14
160 108
65 170
1 85
131 197
14 74
70 48
173 186
10 33
38 177
24 4
114 62
85 130
96 9
9 4
73 183
67 146
33 35
151 169
109 48
159 126
84 128
102 84
89 186
119 133
27 23
32 128
114 34
0 158
68 189
98 197
149 139
2 155
110 14
103 193
9 13
57 173
119 16
199 149
27 64
95 116
54 31
167 83
154 174
168 97
68 42
90 0
83 128
91 164
165 55
83 153
32 10
36 91
8 124
40 58
154 141
157 81
86 98
170 181
114 51
189 198
76 168
123 24
176 152
64 89
103 111
185 9
98 142
167 141
34 146
168 177
29 144
50 135
175 167
160 1
181 103
129 122
67 163
109 110
31 34
67 155
41 36
166 53
5 167
78 166
17 58
196 163
185 132
191 49
55 170
2 20
182 141
195 96
174 8
85 3
119 119
78 129
117 86
39 52
53 18
57 109
165 138
110 47
72 79
2 152
165 71
104 182
97 83
153 56
145 4
82 164
120 18
36 153
2 94
174 11
162 1
59 149
121 180
146 139
59 61
2 158
112 176
191 51
97 163
199 139
96 167
144 198
54 144
117 145
111 14
28 76
137 157
126 49
10 121
199 101
199 61
200 155
25 42
13 8
158 159
145 102
126 0
21 98
109 171
13 168
13 152
140 28
192 49
52 9
99 42
78 194
30 182
182 39
130 106
70 136
17 94
197 122
54 58
200 74
89 162
154 150
155 186
123 144
121 8
33 4
21 147
110 108
180 55
39 64
122 150
198 16
121 24
80 46
128 191
132 6
61 199
77 173
97 196
194 15
83 14
137 188
53 134
197 94
148 134
72 199
41 155
121 69
187 77
5 61
163 166
54 196
11 65
37 95
46 97
127 75
37 96
183 157
193 36
74 162
138 86
80 59
124 90
26 25
93 18
76 42
31 103
150 174
42 133
133 59
94 54
73 97
62 179
109 129
187 162
41 115
174 51
128 102
191 68
145 175
147 33
196 130
134 184
136 132
69 75
105 194
152 51
97 113
60 167
148 49
168 166
116 45
36 105
4 70
120 90
74 139
154 16
175 80
176 73
178 45
43 90
114 125
118 4
123 43
20 122
33 29
39 85
8 84
66 191
4 151
147 32
16 110
166 50
27 165
90 161
45 18
157 28
162 96
170 148
198 75
128 197
174 135
79 17
35 59
39 53
24 142
148 89
178 173
177 58
64 165
5 170
56 57
47 143
11 29
179 166
24 110
168 20
45 68
177 7
145 82
138 130
145 66
181 50
165 73
119 143
29 77
156 39
68 136
165 190
28 128
19 169
124 145
154 15
168 179
104 139
168 95
156 117
39 172
24 178
29 7
131 150
58 181
150 191
63 90
134 30
170 188
55 89
183 101
32 110
70 37
96 182
77 160
139 120
189 124
42 103
139 92
44 200
149 107
15 57
102 122
118 152
142 107
173 132
55 17
197 17
109 85
11 125
33 22
46 40
149 145
100 87
12 194
59 166
142 101
8 122
166 161
104 58
56 94
55 164
182 82
97 108
173 158
198 173
2 174
96 49
49 84
111 138
38 59
56 163
176 39
48 107
180 180
113 50
45 85
30 163
179 177
75 177
44 6
143 180
79 2
68 40
88 63
166 29
152 141
106 23
56 195
49 58
109 162
61 78
88 23
101 57
62 199
133 83
135 191
114 68
118 100
180 16
55 31
89 180
197 169
62 133
23 170
167 137
118 8
161 142
105 145
146 90
94 157
190 107
59 129
114 199
63 198
129 84
11 161
127 160
81 101
126 151
188 22
13 76
3 58
127 85
199 97
109 103
62 157
21 185
146 57
75 174
126 166
35 12
110 0
5 5
57 200
95 62
165 189
157 132
164 19
13 181
77 47
120 12
100 68
191 34
50 56
6 121
31 23
114 99
35 69
158 122
108 28
40 63
11 187
80 164
156 118
94 34
149 177
119 3
73 173
29 58
154 175
113 77
32 67
13 154
5 123
75 135
109 100
89 79
199 64
45 176
25 4
35 49
42 23
79 1
50 177
115 0
196 118
107 59
74 13
141 152
99 37
163 124
155 189
119 156
76 43
13 148
77 114
83 190
137 51
7 78
197 55
11 165
6 113
194 84
58 120
165 87
185 188
70 20
49 118
112 162
199 143
18 178
182 25
35 103
35 111
143 50
71 65
70 1
139 158
85 63
179 9
174 76
3 115
141 127
154 171
143 147
200 88
54 146
115 29
126 84
68 29
118 20
97 133
148 184
183 13
104 157
138 124
116 86
51 94
93 126
37 133
12 134
95 173
118 130
134 120
89 128
64 175
141 172
198 158
102 100
29 197
160 33
3 140
70 174
92 4
143 110
30 142
67 92
134 151
0 127
17 16
17 8
73 162
61 111
35 141
170 79
22 63
56 106
63 178
168 36
29 182
54 73
154 120
170 13
179 89
198 63
199 121
85 44
167 195
19 154
191 59
36 93
185 161
200 140
182 48
130 23
53 55
7 89
139 161
85 63
162 88
42 21
50 167
188 97
0 56
74 109
56 154
114 141
198 77
122 140
84 132
4 20
16 133
108 134
57 187
25 27
69 146
66 113
4 192
62 41
69 168
179 186
4 105
69 159
82 86
110 93
92 66
8 183
93 0
116 84
91 187
168 120
70 124
46 106
155 94
173 24
15 139
35 97
162 159
26 56
86 17
34 165
126 10
5 28
163 102
181 71
45 196
86 21
192 100
138 5
172 20
135 151
76 53
92 56
186 120
133 101
124 49
77 151
82 5
174 177
163 135
197 40
191 124
126 140
110 21
122 117
85 117
3 182
16 66
125 31
26 55
16 88
68 105
5 100
75 20
29 190
86 108
186 88
153 163
130 159
151 199
107 155
43 53
117 122
141 190
28 118
80 76
177 4
123 131
161 12
157 75
121 162
6 193
109 6
36 137
120 38
35 191
30 30
200 89
121 76
164 24
33 95
88 102
200 191
61 198
97 194
175 35
25 125
190 138
9 44
182 14
83 179
45 197
117 52
169 111
126 152
66 162
186 184
71 68
92 83
87 161
82 48
14 58
29 84
159 36
94 62
124 126
44 122
90 24
35 119
178 139
90 58
152 92
159 129
27 27
119 115
166 2
4 147
169 124
104 80
103 195
16 7
72 58
197 114
60 73
4 59
29 120
72 151
86 107
82 169
83 14
159 84
38 47
183 197
198 195
141 46
135 84
117 53
150 184
46 12
0 150
39 59
145 155
62 153
81 115
126 43
169 34
48 56
110 130
22 126
89 45
187 48
138 52
91 170
162 134
121 141
135 129
96 56
97 139
127 86
44 3
120 139
44 195
170 168
38 107
107 56
92 178
60 177
75 40
174 89
44 108
20 144
88 101
51 60
138 102
124 154
141 136
119 102
35 121
133 17
39 28
51 155
41 159
32 6
142 181
178 1
159 159
16 197
142 193
152 159
133 18
156 193
114 140
115 182
113 138
188 17
150 67
19 6
127 137
26 122
10 28
114 179
120 8
120 95
91 43
112 144
33 185
56 99
169 104
26 184
46 133
149 112
55 175
22 145
138 50
196 93
59 120
14 127
194 88
200 83
15 169
149 11
32 13
7 191
1 129
17 100
71 182
27 9
73 152
38 52
127 134
29 160
58 76
147 94
184 161
189 75
180 0
99 70
65 83
164 49
19 115
28 94
107 93
124 156
78 130
171 111
133 77
71 180
198 115
135 155
26 171
21 57
108 126
0 142
37 35
82 140
101 130
176 72
139 163
145 183
187 167
79 48
179 169
179 83
176 152
102 176
191 72
29 100
14 191
129 129
144 47
189 156
99 101
132 158
39 44
26 157
75 111
113 109
109 134
124 128
22 176
98 150
132 135
82 159
49 184
151 90
70 186
162 118
181 105
120 23
192 168
118 37
139 52
82 50
129 149
54 45
90 133
109 81
27 99
14 110
43 178
60 177
144 190
27 36
31 60
46 34
9 32
114 153
127 36
169 140
96 67
18 98
169 169
39 95
135 86
116 165
32 114
160 184
156 76
117 58
75 156
85 128
127 32
38 81
147 52
109 111
21 114
80 172
155 118
81 114
181 27
184 185
64 192
17 43
115 43
158 145
172 88
0 122
95 167
94 168
89 71
8 133
15 88
130 56
55 178
71 17
26 27
71 172
46 108
105 91
163 196
179 163
200 101
132 72
154 163
135 12
134 11
6 65
130 21
184 48
58 111
97 132
160 105
168 57
143 167
195 153
44 169
14 164
188 180
110 195
51 48
199 124
125 35
144 24
178 98
20 159
58 82
81 33
111 12
103 69
3 183
22 70
95 14
186 46
156 118
166 183
125 136
125 157
123 80
109 181
199 168
168 199
166 146
91 161
7 39
175 136
11 79
73 36
141 82
3 44
90 27
49 0
168 14
197 176
152 90
169 19
53 131
56 191
139 94
107 53
115 111
37 77
87 99
183 168
22 64
35 177
116 130
178 149
2 177
123 84
26 34
27 37
101 76
49 100
147 35
128 25
143 109
60 91
7 169
16 123
106 189
35 187
193 114
176 86
140 8
4 92
173 36
84 111
149 125
31 197
94 22
185 75
172 60
23 119
43 46
36 117
25 42
70 133
58 11
153 57
167 163
132 110
6 112
52 120
108 54
71 13
79 173
126 15
77 162
115 103
132 107
106 192
130 70
88 61
62 50
84 172
196 40
137 91
142 106
130 2
167 151
180 183
64 41
27 25
53 148
64 35
148 91
110 47
193 62
6 153
91 95
80 0
116 109
104 75
31 114
116 107
53 56
67 13
171 88
80 198
79 172
47 183
154 9
85 74
85 78
161 156
5 49
191 101
3 17
63 1
22 23
189 53
139 33
131 144
16 98
174 178
33 46
103 4
149 8
185 149
119 82
142 7
84 53
43 110
16 2
13 8
78 107
194 44
183 167
165 30
45 185
4 164
37 52
90 66
15 169
48 174
191 51
19 39
77 31
49 161
194 23
19 34
149 198
24 17
144 78
26 145
78 39
105 181
36 12
9 3
132 69
120 50
189 169
163 189
129 107
105 25
135 3
194 147
35 137
134 23
25 170
128 175
174 129
37 59
3 8
107 105
133 66
136 140
39 142
72 112
137 140
186 136
16 192
145 62
125 100
25 25
64 98
121 50
50 110
184 77
97 169
47 157
113 77
34 50
177 66
133 38
85 177
158 60
179 161
1 192
153 71
30 12
57 24
105 129
128 200
43 45
28 23
121 3
68 170
104 56
162 49
131 79
21 84
43 9
170 96
93 33
5 149
90 182
179 78
132 55
94 103
83 38
179 29
52 187
128 17
191 99
26 148
193 30
169 190
54 81
178 147
192 39
89 198
24 53
152 74
172 13
18 51
164 56
198 64
67 165
173 198
79 198
31 172
72 155
157 37
59 58
46 162
161 5
178 54
122 106
82 116
13 183
77 117
171 163
176 70
185 134
109 8
60 4
88 136
44 42
20 198
161 68
125 128
159 28
41 38
63 117
144 13
59 60
123 164
12 110
183 79
26 3
123 91
17 115
78 104
145 97
43 54
96 14
17 31
73 177
199 103
107 99
196 86
44 46
93 61
197 155
179 136
24 154
110 165
132 109
172 198
158 164
26 142
132 175
196 70
118 33
165 13
65 39
46 110
112 13
199 64
113 192
147 200
71 26
65 179
14 148
93 162
48 56
101 127
186 167
35 146
56 19
192 85
163 84
163 50
116 2
78 153
164 72
191 72
147 171
87 89
54 154
0 166
35 146
86 158
7 33
24 118
150 34
29 20
48 187
59 170
118 151
59 34
90 197
80 47
71 171
83 16
62 84
145 114
71 52
123 138
46 71
71 153
159 198
197 15
119 195
24 113
104 194
65 27
119 156
148 66
9 6
118 191
200 144
160 36
137 29
145 198
14 11
61 1
111 97
163 125
12 70
30 124
13 192
60 182
129 161
56 73
121 59
142 164
26 169
163 153
146 43
108 131
83 46
87 172
164 123
182 47
200 190
111 1
89 140
193 175
151 171
200 101
183 87
43 107
2 141
140 115
61 82
17 94
60 156
47 104
134 51
66 19
102 62
20 68
184 0
130 112
12 32
31 199
190 20
193 158
117 125
20 7
192 8
97 117
191 47
58 31
104 119
166 70
142 29
57 130
170 113
166 42
9 75
189 45
182 171
138 126
58 9
3 40
189 101
188 84
109 48
9 110
81 156
53 80
145 160
29 26
5 171
144 173
18 21
80 179
159 175
173 81
105 47
170 76
22 43
194 99
17 53
162 34
71 20
156 8
172 114
63 23
147 42
161 74
93 73
37 133
115 139
18 52
72 152
171 58
102 197
103 19
15 15
79 195
74 28
101 32
158 111
68 56
134 162
7 58
64 162
16 103
88 124
53 97
171 67
28 180
84 108
164 127
24 197
173 52
62 17
187 187
197 191
79 41
129 136
187 148
72 191
146 0
55 54
48 172
69 109
48 114
118 133
184 135
174 160
139 155
87 47
9 193
63 147
111 117
51 102
57 194
5 198
157 179
37 186
90 156
183 108
45 95
38 163
16 118
93 188
105 141
47 61
36 122
62 75
129 75
111 103
186 189
74 53
24 135
197 3
19 46
25 192
104 43
163 161
119 182
30 141
124 21
53 101
44 196
100 131
42 156
106 151
124 143
55 85
190 32
61 115
183 131
120 157
59 25
190 150
80 116
19 127
63 187
0 21
52 162
99 65
47 52
19 195
84 113
136 37
23 197
61 23
27 62
167 74
143 106
166 75
150 24
112 154
144 76
97 75
25 176
161 35
45 56
13 145
58 86
149 51
49 170
128 81
189 30
68 35
130 179
153 53
108 104
145 9
27 39
121 64
176 20
98 87
91 127
157 111
154 43
89 189
51 72
49 61
176 151
113 166
155 126
26 169
185 145
26 7
123 148
104 58
42 166
196 168
102 75
179 41
83 8
198 49
118 59
35 71
103 169
197 174
151 42
69 23
24 84
165 135
28 94
188 46
103 14
86 109
97 197
123 18
189 5
28 61
127 158
118 9
25 127
25 180
97 7
108 187
135 145
13 170
60 31
66 163
120 16
57 193
116 173
2 101
177 144
9 101
31 198
46 24
169 24
140 26
85 59
155 24
96 184
48 147
131 66
77 184
148 97
133 130
55 166
104 120
9 19
181 107
182 137
79 56
27 75
22 10
102 123
190 74
117 107
149 26
46 16
37 64
164 138
122 111
174 43
101 15
154 124
134 158
74 180
5 22
197 156
142 15
71 189
117 150
136 92
75 24
27 170
34 88
89 15
193 12
154 78
182 128
156 177
110 33
8 199
1 88
141 58
135 11
195 146
108 161
167 179
128 175
113 98
159 85
123 111
138 129
160 188
200 150
155 162
114 118
11 168
75 23
8 118
36 136
105 147
133 103
147 138
112 182
178 157
8 72
98 135
188 106
196 190
159 154
58 23
83 144
140 109
24 31
145 7
193 20
53 34
198 115
158 110
65 117
174 66
95 58
139 53
38 116
122 15
85 194
144 24
169 116
3 83
31 13
7 151
125 12
89 134
81 39
76 101
32 124
81 59
117 54
103 79
25 17
127 87
99 150
142 139
19 101
90 164
143 188
45 155
133 127
75 172
97 23
139 197
103 153
179 78
146 123
181 111
169 191
199 11
83 52
74 43
74 75
80 190
196 6
42 34
100 160
77 153
120 192
110 101
61 139
41 67
171 34
43 43
98 136
49 172
54 58
114 80
172 72
151 142
164 42
27 190
73 11
16 160
24 75
47 173
187 14
30 37
81 117
61 74
74 85
82 60
162 87
88 61
103 68
180 121
73 47
99 11
136 31
98 23
157 20
89 8
93 121
103 157
191 142
13 116
132 157
45 37
111 196
28 16
96 97
33 193
170 159
134 101
193 113
43 92
103 124
99 87
3 162
189 61
4 182
150 194
24 35
29 49
162 56
3 34
14 44
82 185
102 190
33 7
47 29
105 200
184 2
181 32
7 182
178 135
24 54
129 169
150 27
100 5
66 44
123 24
182 97
9 103
30 39
1 40
114 50
70 50
154 57
170 12
63 140
87 0
26 74
67 121
121 14
118 58
148 22
51 83
82 169
171 114
81 23
26 168
45 168
107 183
92 137
26 160
9 25
178 2
174 131
163 99
121 3
140 143
73 11
181 5
6 68
135 38
122 79
82 86
51 160
170 175
60 100
55 104
158 19
1 137
18 8
149 170
26 90
88 28
70 162
10 61
66 137
27 16
11 172
65 163
121 77
103 112
19 166
62 40
14 100
58 58
169 174
85 135
36 140
145 100
87 77
70 125
8 176
85 152
130 173
82 159
152 1
72 65
183 20
104 156
167 124
112 138
142 69
62 119
136 189
61 2
22 112
163 21
96 95
133 165
154 32
48 114
179 79
26 82
149 108
108 57
100 119
197 58
135 24
81 178
55 45
166 36
112 95
140 82
70 101
173 29
42 169
111 63
94 133
169 57
67 99
41 57
86 113
151 135
95 74
99 130
67 197
110 89
68 110
4 22
11 138
28 135
81 52
32 68
168 93
125 109
93 115
36 144
64 139
80 151
95 9
82 63
145 40
169 115
65 16
22 105
17 67
70 77
50 145
30 182
82 157
104 181
80 171
47 7
63 186
108 74
130 137
86 156
103 93
100 171
198 156
33 193
44 160
166 117
110 123
51 5
108 157
97 88
63 46
116 183
39 21
65 79
77 29
119 96
158 131
45 89
188 53
19 65
50 169
107 58
113 12
85 148
57 138
100 180
59 34
53 20
7 38
78 147
166 185
133 131
160 165
47 125
38 46
117 135
47 50
66 3
45 105
88 199
191 89
158 108
22 177
94 198
20 142
172 112
6 154
87 145
43 15
165 9
134 91
65 96
147 77
22 23
132 63
137 60
98 125
176 103
131 105
120 25
175 74
91 75
34 91
93 124
161 187
56 147
178 105
30 169
170 70
3 73
94 104
183 145
92 159
2 189
165 131
3 17
173 63
131 25
74 156
33 57
101 106
74 149
90 178
165 188
154 168
198 176
184 198
35 127
140 114
184 62
128 46
118 113
60 22
154 198
86 100
142 101
54 107
45 199
141 103
11 58
74 147
92 163
82 54
193 77
154 29
19 101
39 23
195 93
158 51
126 166
99 179
168 155
151 137
40 136
17 94
4 127
65 161
120 116
161 104
21 143
64 142
114 99
61 51
76 39
98 190
177 42
52 83
185 9
71 28
149 10
85 5
189 105
122 27
133 46
18 66
180 198
195 193
67 104
53 127
199 14
169 65
2 12
135 3
71 189
130 185
38 139
0 192
178 47
84 143
109 149
11 99
186 126
173 81
182 37
144 61
39 53
143 184
199 153
55 121
105 2
169 35
67 153
4 133
142 164
183 125
151 161
173 10
16 0
155 31
59 4
77 119
77 196
30 13
77 135
4 22
196 151
126 126
171 22
152 123
153 168
187 198
197 189
85 100
10 200
2 32
97 74
171 189
86 58
130 154
32 2
92 6
164 18
116 102
159 177
113 49
29 74
64 10
9 199
41 96
45 125
58 68
92 160
60 88
159 103
184 42
20 64
149 50
103 48
167 41
161 49
133 38
92 179
142 151
43 120
198 115
110 90
97 170
65 191
1 55
135 177
64 144
106 4
58 133
114 47
16 93
103 192
11 30
23 153
200 164
152 91
137 57
187 104
33 190
169 186
150 125
73 151
46 56
114 133
27 157
174 44
100 188
104 194
24 147
1 37
129 104
189 134
37 5
189 165
168 46
177 166
80 19
176 175
143 36
156 104
25 36
110 93
171 135
29 129
84 69
178 95
35 134
137 38
56 48
196 43
128 24
28 147
19 84
141 138
26 100
70 180
90 148
7 61
136 195
143 50
190 17
148 152
185 125
59 190
20 128
53 63
111 152
102 15
137 189
170 137
163 71
28 106
47 92
16 155
200 33
48 137
26 69
57 198
47 32
126 90
69 174
83 18
43 152
12 70
58 164
110 177
37 69
106 105
86 56
18 85
142 147
42 91
39 80
192 105
119 184
91 171
62 33
156 20
148 33
99 40
128 73
19 181
157 15
45 102
36 137
93 185
67 51
167 119
188 165
97 118
4 66
184 136
75 123
77 21
69 184
111 30
53 169
154 54
91 126
49 58
39 125
194 147
122 111
29 21
30 33
94 38
37 192
13 149
170 146
101 193
46 122
64 4
42 11
57 39
41 43
62 30
136 106
20 9
163 130
61 46
69 59
39 123
111 130
173 89
3 50
79 137
68 188
121 133
18 65
58 22
185 3
3 8
53 52
144 4
129 146
125 20
23 161
198 110
86 48
155 42
26 24
33 127
137 113
143 120
4 97
134 127
54 48
156 95
67 86
56 5
167 125
87 15
150 187
14 114
155 141
137 79
19 74
63 1
77 0
55 149
86 53
13 134
5 90
12 50
119 84
149 140
7 62
55 164
85 137
194 165
144 189
198 117
166 173
20 123
196 81
43 152
52 81
7 114
166 92
179 97
191 67
84 152
15 70
8 10
61 119
91 117
74 98
76 100
131 33
122 47
44 1
27 186
194 1
130 82
182 194
181 124
173 188
154 138
73 70
193 39
101 90
182 142
78 142
43 49
32 87
105 78
89 15
83 100
35 139
9 24
3 175
80 25
42 199
56 86
173 33
45 0
48 195
186 16
21 57
76 191
96 178
139 71
83 92
87 99
186 45
109 67
105 119
177 32
36 45
8 185
54 65
40 134
67 193
67 160
55 55
169 76
177 74
13 72
143 197
27 170
18 84
159 21
162 153
110 194
131 17
35 80
178 97
110 124
100 122
142 177
131 147
17 112
198 137
32 186
48 151
26 171
58 108
92 109
170 167
172 197
130 95
62 32
137 19
80 142
84 39
114 103
50 71
50 124
172 60
151 164
58 145
94 186
116 148
13 93
114 67
127 141
148 7
38 176
48 46
13 70
52 46
186 146
138 198
177 29
37 10
144 61
27 65
78 180
181 181
85 0
116 51
129 143
182 143
186 74
190 67
12 42
51 32
174 175
197 32
162 58
90 174
9 90
69 58
183 131
42 41
52 197
68 87
21 167
111 48
139 165
8 57
54 58
31 114
55 25
184 7
118 157
59 123
101 160
1 121
143 10
8 51
13 132
79 13
84 133
109 182
66 134
149 62
182 11
26 160
10 127
7 152
195 159
47 149
86 192
165 143
158 194
53 31
178 147
133 67
187 144
58 71
48 15
6 27
150 161
2 76
103 135
114 48
176 44
28 45
155 143
161 196
170 186
67 142
8 20
171 48
76 27
13 1
89 159
16 96
128 0
64 183
48 100
94 70
36 197
142 88
150 130
138 50
52 154
86 200
24 38
49 18
159 178
9 165
142 98
188 84
77 88
120 179
5 147
121 73
185 92
145 108
46 14
32 165
49 127
164 93
179 63
153 168
69 110
101 154
29 42
93 82
104 150
177 14
197 38
99 163
200 119
83 199
165 75
136 91
15 199
74 63
170 183
189 171
105 21
151 51
199 138
160 79
156 96
139 40
89 59
106 164
11 65
71 169
167 1
20 30
92 45
171 146
66 66
140 156
111 105
118 68
127 197
191 28
134 163
156 106
165 12
185 51
16 178
72 86
149 140
199 122
107 31
191 75
108 83
84 63
139 57
27 136
145 166
79 71
149 4
30 148
149 144
121 2
116 132
121 43
54 62
115 5
190 171
77 193
22 161
37 7
21 177
85 107
122 125
26 61
109 144
102 18
108 190
25 32
82 151
94 135
183 194
63 38
120 169
139 86
23 184
164 139
32 195
58 50
154 3
179 126
178 151
43 49
4 56
79 188
10 188
29 78
184 102
189 101
80 158
154 81
65 98
141 170
84 185
102 181
12 30
178 10
15 192
190 107
139 136
196 141
134 116
35 179
154 10
87 8
23 146
161 52
150 102
154 114
71 91
155 158
144 74
132 60
185 169
66 115
49 73
35 106
116 186
72 82
127 53
46 140
110 179
128 63
104 153
102 141
131 39
177 30
162 185
130 161
140 142
2 186
115 75
194 39
190 135
152 136
56 178
78 102
136 24
133 61
4 33
175 82
14 136
28 148
125 116
34 30
93 158
57 51
82 14
55 80
183 0
97 105
127 36
108 186
68 196
189 198
169 4
43 132
17 114
200 100
130 129
75 146
76 142
43 43
101 10
56 188
106 122
68 106
103 2
194 153
61 192
155 198
178 144
121 158
182 38
127 70
133 56
85 142
61 43
137 55
55 196
178 66
168 177
140 70
115 102
43 52
163 87
98 184
160 44
35 96
119 165
148 144
39 86
194 24
41 172
91 198
120 89
199 120
26 124
132 15
55 126
50 169
124 23
182 158
94 148
48 144
52 38
12 42
199 157
161 90
56 74
73 75
23 178
191 36
120 149
39 176
164 144
132 146
200 28
158 23
140 134
129 82
62 26
72 83
137 89
109 152
12 42
82 134
33 91
140 65
28 58
144 115
30 108
36 155
155 84
157 67
57 194
70 94
32 185
197 39
0 10
112 155
163 200
175 145
76 121
70 189
127 44
39 88
35 129
177 129
102 141
105 191
126 195
142 100
71 187
71 180
187 88
79 50
19 19
188 118
192 81
107 200
120 146
106 143
124 130
81 180
18 108
34 178
43 47
141 45
121 26
84 51
77 28
69 18
150 38
148 120
2 136
14 191
118 95
170 53
136 23
25 15
142 21
141 121
83 185
128 44
52 165
107 193
68 48
145 64
190 82
156 162
173 188
35 196
109 132
135 115
153 11
184 72
187 64
5 198
165 77
4 112
102 144
73 64
175 63
180 186
135 35
89 196
138 116
88 12
25 200
86 79
47 57
81 84
93 121
199 88
78 118
96 147
58 194
109 85
31 38
92 149
88 20
39 152
27 151
70 40
197 77
50 38
82 108
116 64
137 6
157 94
148 160
14 178
34 98
19 91
57 147
115 144
47 93
155 122
199 163
131 93
136 117
129 175
158 8
57 84
178 65
20 99
83 156
77 110
23 60
113 124
110 55
165 156
11 8
94 7
154 93
163 18
111 135
26 174
194 195
149 148
66 144
44 123
167 108
40 197
164 30
126 42
128 87
116 141
28 51
83 179
74 104
75 2
134 130
81 73
108 123
124 163
90 54
101 30
199 90
160 69
117 61
104 105
85 132
96 34
171 119
170 60
67 83
170 182
164 132
120 31
56 157
119 1
177 125
149 59
95 25
33 138
164 192
98 87
143 174
40 70
70 26
42 190
153 60
5 62
177 148
1 96
136 24
139 9
37 61
75 168
24 128
28 84
100 102
48 123
125 138
83 68
104 114
193 198
141 158
197 126
168 87
73 61
186 127
100 127
85 176
155 91
186 180
193 5
172 15
19 69
171 156
6 103
34 157
89 119
61 1
177 59
65 88
185 155
4 82
26 20
57 144
114 155
68 155
113 73
127 121
131 93
87 68
174 136
76 167
72 171
26 33
60 49
97 190
84 138
1 78
103 194
132 58
16 155
122 141
7 196
94 109
145 63
120 179
167 75
186 141
183 156
178 109
192 1
93 127
120 68
98 141
124 109
14 102
153 9
97 175
71 39
10 70
191 29
90 77
129 26
141 181
90 125
47 60
124 104
74 128
54 184
13 57
109 29
91 173
63 181
97 90
155 144
78 55
89 176
152 199
116 96
15 157
86 90
199 162
197 125
38 143
106 20
172 31
47 83
80 75
156 176
27 115
19 112
194 38
4 16
37 72
163 87
32 198
190 131
144 58
155 183
189 99
189 2
2 30
33 89
29 162
198 153
39 106
108 177
20 185
155 5
55 170
20 57
146 164
190 162
95 154
109 36
172 118
102 197
183 183
179 155
49 177
86 33
128 22
159 195
182 156
105 135
39 105
158 150
127 156
196 19
22 77
155 68
178 111
45 97
189 185
15 125
24 69
192 188
61 200
27 74
28 30
15 82
108 138
88 196
17 96
75 56
49 133
190 175
137 95
78 140
182 3
85 152
63 146
143 128
66 159
191 133
67 45
4 23
120 9
200 104
71 184
172 195
23 125
148 13
48 80
60 139
126 142
90 188
187 57
136 83
169 155
170 25
75 107
58 147
195 153
180 148
108 68
144 87
104 68
118 200
118 31
20 160
81 183
28 4
153 111
98 49
73 153
21 27
0 122
157 17
116 145
100 54
92 121
199 24
86 15
4 77
100 4
197 78
29 60
127 147
148 96
60 106
107 94
72 154
166 97
139 28
40 127
132 174
54 51
61 22
196 149
127 144
59 128
93 186
30 117
160 164
51 51
137 82
114 135
197 41
63 110
135 197
179 29
15 14
59 128
101 117
149 185
158 47
188 37
62 42
20 1
104 16
7 95
131 34
177 14
162 167
191 171
55 178
184 136
15 139
177 198
18 127
178 49
135 34
44 148
153 58
95 81
79 117
68 10
168 91
94 134
46 132
184 70
158 117
40 75
179 5
150 85
89 3
194 133
55 40
6 155
35 71
83 197
62 25
95 121
70 4
200 152
75 42
109 30
106 119
115 116
42 166
117 155
157 120
50 71
2 169
175 64
131 179
65 66
82 168
51 25
124 168
69 171
141 53
185 66
41 48
161 79
135 17
167 102
134 26
73 29
121 68
152 36
158 31
148 59
73 195
124 131
23 145
152 157
34 122
64 141
199 180
101 6
135 181
186 141
91 184
158 156
185 89
25 72
137 162
29 107
132 55
173 198
22 55
26 150
133 35
138 111
200 77
36 166
135 9
194 73
187 146
94 184
63 139
43 68
171 120
49 145
22 62
68 60
139 98
177 84
65 118
57 41
130 190
180 109
52 70
108 80
72 72
150 50
146 113
43 64
193 148
46 180
22 95
162 64
85 113
196 163
112 40
125 104
183 154
118 1
56 38
189 88
119 25
181 188
50 38
8 23
64 157
15 115
37 119
15 54
172 78
106 7
86 178
168 93
49 127
187 53
187 92
16 166
135 66
160 80
18 0
75 149
132 66
191 14
180 107
94 7
57 148
72 91
7 76
159 166
68 104
59 121
19 159
119 19
50 70
102 50
51 190
125 87
134 178
31 60
6 80
98 96
58 149
41 30
109 164
7 194
117 155
60 41
172 6
101 82
8 55
50 65
37 195
175 11
9 148
199 23
182 43
18 137
146 200
108 118
196 157
33 171
122 27
162 84
21 89
167 176
87 84
124 15
19 172
46 112
34 63
131 6
33 72
180 49
139 129
95 168
32 42
140 100
16 91
90 160
128 59
38 196
12 170
105 123
21 114
25 0
4 128
160 58
180 192
140 0
100 158
12 123
19 120
200 142
104 161
55 68
108 37
97 14
133 132
18 158
4 124
65 112
176 128
47 127
67 191
50 183
131 7
104 183
28 52
126 47
11 59
60 74
0 80
38 194
80 105
81 67
127 163
76 36
27 148
33 63
125 161
132 67
30 58
156 63
145 68
161 198
48 15
78 130
187 179
26 7
49 58
19 91
196 145
117 166
19 164
81 36
181 118
121 73
84 177
105 184
94 145
58 78
100 83
33 20
170 14
109 73
164 60
126 130
133 200
128 51
86 30
157 93
196 61
95 15
200 12
72 146
15 147
58 60
75 192
52 174
128 80
147 103
126 49
86 15
121 89
91 163
177 146
5 182
61 4
184 114
76 110
126 1
26 62
142 109
91 113
103 159
19 145
163 98
107 109
22 51
36 6
86 12
49 167
24 126
169 11
18 95
97 68
147 62
85 179
43 144
199 135
155 80
87 35
130 153
144 6
162 56
105 65
91 173
132 47
191 15
171 198
173 41
144 138
44 18
158 179
101 4
29 166
57 90
97 78
99 114
62 60
18 49
87 19
21 81
108 174
67 133
144 91
187 150
14 32
20 105
68 103
175 12
140 110
70 125
94 13
176 94
85 26
34 22
10 159
106 159
67 158
163 154
45 61
63 72
191 129
191 192
155 95
140 43
168 87
69 77
141 110
4 7
186 101
187 110
171 195
110 160
152 169
170 65
55 86
143 136
160 71
78 187
131 199
80 14
121 1
22 55
70 108
22 31
24 27
163 101
187 123
38 50
10 134
160 113
66 93
46 127
149 33
74 64
17 70
148 180
119 138
86 139
90 162
51 137
59 149
90 116
181 37
156 45
106 57
70 173
125 30
66 66
41 115
132 89
186 70
177 17
192 107
13 193
131 6
126 142
94 72
51 110
49 163
200 108
83 135
48 17
15 18
170 103
25 195
176 45
82 53
132 76
164 134
49 183
102 148
68 58
176 1
2 129
16 139
34 17
128 116
192 39
183 150
90 60
39 82
125 124
155 100
139 39
119 143
73 65
44 33
155 148
163 154
38 136
28 50
83 86
46 196
130 192
52 110
133 175
116 102
176 79
75 0
120 125
54 45
161 175
53 8
14 23
141 11
142 194
146 72
120 34
145 187
10 133
21 126
116 27
34 188
105 78
3 36
138 34
116 160
157 121
71 198
106 41
35 182
70 108
14 87
56 100
127 97
43 164
90 92
97 132
46 40
87 76
8 58
6 126
50 49
27 197
67 121
9 164
159 26
0 167
5 47
164 134
192 154
156 12
57 15
166 131
12 176
153 6
162 50
52 48
151 87
170 154
93 125
172 73
94 10
119 188
115 159
189 47
8 168
37 38
168 93
178 148
92 110
27 19
179 189
49 162
56 55
93 77
136 33
144 64
39 148
70 185
3 45
61 87
194 76
37 98
121 96
9 156
163 196
172 142
199 122
66 80
74 58
105 6
31 100
180 76
127 59
200 57
124 63
98 194
60 38
170 129
137 93
51 123
41 160
106 121
42 59
34 199
101 34
78 3
50 157
76 13
121 52
153 197
96 125
118 40
99 36
100 111
133 78
53 76
40 177
150 147
156 66
34 162
197 102
89 97
195 152
130 66
170 52
158 90
42 159
92 106
26 119
179 159
116 175
120 50
31 101
191 6
120 172
18 45
194 192
160 123
115 8
65 83
95 66
56 21
124 160
52 161
62 134
74 88
71 83
159 112
183 66
40 55
168 80
26 168
200 86
182 31
71 121
25 119
75 179
128 129
135 105
108 26
15 28
34 49
146 153
195 56
124 80
106 93
62 123
62 102
91 118
62 117
161 83
67 62
110 27
53 195
63 94
67 117
71 22
181 79
113 97
155 140
21 69
149 44
113 83
111 58
90 127
0 79
47 157
66 42
133 112
145 188
142 32
39 70
158 45
99 179
173 97
61 89
5 67
60 62
148 3
104 78
59 77
103 173
94 137
44 143
74 45
176 56
20 56
94 94
115 140
77 56
56 25
10 147
12 14
20 172
155 25
59 30
19 192
107 23
1 109
39 56
183 160
84 35
141 99
195 157
190 29
135 111
18 93
33 49
63 163
82 140
105 104
26 195
104 128
2 16
192 189
39 95
19 8
6 7
49 5
76 99
139 129
109 193
158 130
182 183
175 37
112 68
68 173
196 19
62 64
1 98
28 188
31 49
99 75
88 96
182 131
1 52
51 40
181 81
167 65
26 194
8 175
132 126
70 80
124 44
175 73
178 35
78 9
187 143
174 177
65 122
75 104
132 53
145 173
8 113
188 2
43 85
78 60
179 76
80 100
183 128
127 118
167 18
30 98
73 68
186 172
174 189
121 128
110 82
21 116
150 177
85 180
135 77
34 129
6 34
129 111
126 175
123 103
94 128
182 94
190 169
124 191
45 64
82 73
149 82
168 127
22 169
48 16
97 195
176 27
114 10
61 86
162 83
16 199
74 62
0 164
197 32
143 51
84 98
30 197
188 84
85 186
105 86
104 113
199 32
82 183
89 131
197 72
111 26
189 124
162 181
170 68
149 179
170 26
88 189
128 20
18 79
8 191
173 47
140 183
110 74
42 123
40 43
163 195
20 157
15 72
75 55
65 174
31 38
93 166
108 48
17 138
29 167
70 150
185 132
53 78
128 135
174 96
45 73
189 70
18 98
26 34
47 134
48 44
58 61
76 17
142 99
181 85
117 67
200 165
180 100
96 61
70 156
7 24
87 145
130 68
171 140
46 160
144 110
10 87
138 166
2 76
78 135
7 48
46 5
83 165
190 82
81 66
33 153
78 64
54 171
54 43
91 149
149 144
158 45
147 16
74 80
184 39
97 92
50 147
160 108
95 192
197 111
71 181
140 128
109 141
121 109
196 153
131 21
1 96
160 164
53 153
196 122
146 95
178 153
190 86
183 87
44 22
72 89
164 12
88 77
41 182
50 140
126 96
66 111
57 145
146 6
26 53
67 12
106 175
167 112
106 183
139 33
81 43
169 14
26 91
23 115
3 66
89 163
108 147
72 115
53 155
132 30
10 150
185 189
107 65
82 2
186 187
148 139
80 2
75 58
171 155
23 27
19 85
125 135
8 6
193 92
169 5
92 6
128 91
29 138
138 189
178 36
35 22
95 111
140 82
34 194
74 196
200 196
78 147
174 29
72 189
160 135
63 74
157 194
29 117
124 92
167 165
71 104
12 69
138 131
62 178
122 96
100 57
173 106
165 81
34 198
4 59
139 114
22 2
129 66
24 132
57 95
18 147
68 135
183 4
167 181
189 115
174 34
22 142
151 51
21 24
75 176
132 131
103 176
17 28
179 3
120 120
158 118
193 37
121 119
97 81
7 121
118 105
174 31
131 188
59 164
61 119
31 132
11 150
184 106
167 141
36 26
158 103
137 150
83 112
152 110
118 8
40 105
27 41
30 54
148 162
127 46
160 167
31 25
167 36
163 90
158 36
30 184
19 114
124 45
178 145
146 3
124 57
75 185
58 126
134 112
190 35
23 72
192 120
0 35
34 88
148 160
78 199
154 82
161 112
122 128
132 194
188 151
58 163
188 14
66 136
189 153
7 77
159 178
192 99
62 168
78 114
84 36
140 138
81 158
52 55
197 151
56 11
7 125
70 78
114 77
2 126
197 175
22 92
1 96
54 192
105 83
20 20
13 174
76 184
25 41
8 82
96 52
97 190
99 7
36 175
1 180
36 125
64 1
178 21
160 155
38 199
38 42
15 22
141 195
197 82
101 80
39 3
44 160
193 117
168 37
95 109
12 176
18 95
188 99
139 7
7 198
144 144
167 197
75 77
129 3
42 54
176 51
26 9
72 34
86 32
105 186
44 122
177 59
123 99
32 135
83 183
143 129
79 36
191 186
52 22
116 71
56 165
105 102
20 131
35 11
36 61
54 75
89 55
128 38
176 166
169 165
5 69
12 149
73 65
61 68
34 49
3 31
112 171
57 67
9 36
177 77
147 92
108 159
100 110
197 197
25 141
163 200
48 36
155 117
45 48
105 160
200 109
45 66
42 52
73 4
52 59
171 66
164 3
84 190
65 102
117 167
177 190
83 60
55 160
95 189
136 176
110 51
49 155
25 27
54 129
185 186
136 5
166 64
118 121
188 198
68 84
2 132
51 69
116 127
103 146
77 61
30 8
149 115
91 66
196 92
128 175
75 75
56 7
89 133
126 19
100 195
29 92
192 176
67 62
44 81
188 93
7 192
115 129
53 25
44 22
91 109
39 114
27 165
8 101
27 119
29 83
85 139
6 50
167 132
20 25
89 124
24 66
150 164
136 0
165 168
151 116
86 180
144 169
68 159
160 113
117 98
116 85
30 120
196 140
132 10
179 37
191 194
199 96
105 117
17 143
163 197
129 40
130 23
74 173
83 163
92 172
191 191
97 167
88 51
6 174
22 168
165 128
20 127
174 79
92 149
197 119
129 29
155 85
33 148
77 60
135 33
192 129
36 55
132 45
124 199
82 48
19 104
86 35
60 106
161 43
84 85
185 131
191 173
121 167
111 114
115 101
88 99
125 138
13 74
53 153
70 122
92 95
87 164
0 74
106 1
187 133
40 68
18 23
149 107
86 44
169 133
38 143
30 145
77 108
120 178
151 35
118 55
9 137
124 54
106 37
67 75
100 73
50 153
0 98
41 136
116 13
81 200
80 56
31 80
74 141
198 173
189 11
68 106
126 88
111 128
47 197
182 78
173 9
179 92
198 174
22 111
114 24
134 60
89 116
52 135
9 42
67 97
59 187
75 182
76 43
196 122
67 71
7 22
111 167
190 133
20 40
21 6
51 177
70 122
197 166
57 68
83 104
146 168
117 75
69 115
86 34
44 121
133 55
23 84
135 110
69 76
151 143
178 37
194 151
158 99
42 72
177 28
93 45
158 81
68 138
153 190
193 88
68 130
6 145
195 68
31 46
151 158
190 181
107 143
7 28
108 111
14 74
143 42
54 108
65 123
12 25
79 33
79 71
46 188
130 122
101 53
10 150
70 93
168 66
129 32
5 35
179 2
1 148
95 64
176 78
58 185
174 174
190 43
57 127
194 148
154 175
144 108
139 66
155 11
152 103
49 200
189 141
186 182
105 67
195 69
144 132
137 169
167 168
75 32
90 183
164 152
67 182
103 45
143 26
31 81
198 180
11 3
124 119
75 145
189 25
187 136
10 73
149 82
112 15
49 151
99 184
131 52
156 69
153 117
37 144
52 167
195 141
47 85
95 144
10 10
18 18
72 185
19 142
137 94
134 56
70 4
50 184
180 11
23 103
188 147
94 33
103 91
162 134
93 190
56 71
39 56
140 87
123 165
72 166
171 84
179 142
133 85
100 53
3 73
94 108
96 146
92 10
60 98
71 7
53 167
130 79
173 152
126 170
197 16
150 88
146 108
104 4
82 130
131 48
81 137
17 94
90 34
2 195
181 47
107 76
59 35
107 118
155 64
67 110
52 134
124 113
21 137
1 55
85 162
197 109
117 61
9 19
36 129
181 195
56 95
110 79
78 53
200 182
75 68
88 38
104 110
108 147
72 100
45 197
188 142
74 107
16 29
49 31
47 183
70 96
63 172
80 83
159 44
151 54
198 151
189 103
128 182
133 91
145 105
145 2
0 67
150 77
118 13
46 179
105 15
161 147
41 36
82 45
197 149
164 0
50 9
53 131
32 38
166 113
13 198
196 23
74 50
96 177
74 131
17 173
14 181
130 117
15 157
59 57
111 153
145 64
67 175
48 189
199 107
1 40
132 111
43 116
72 15
100 105
83 193
138 156
138 68
131 98
149 57
10 109
188 50
65 136
81 161
62 93
68 101
71 152
41 6
39 31
123 179
14 42
72 7
198 167
178 169
2 126
111 145
195 189
176 42
194 57
21 112
50 74
112 126
46 97
150 121
15 121
145 80
80 115
45 36
146 117
105 184
33 63
138 84
66 120
36 102
116 140
114 156
120 164
108 106
28 55
68 8
114 191
135 6
170 15
110 195
31 64
152 162
1 47
94 169
106 146
18 77
194 24
110 23
62 97
52 109
84 94
3 131
47 154
199 104
164 195
123 101
8 65
44 102
182 91
146 191
182 51
108 45
26 181
46 55
45 34
34 6
190 139
189 197
29 110
168 195
169 55
27 193
187 47
97 184
107 156
179 131
78 116
187 135
154 181
14 48
53 153
71 104
160 64
72 189
27 10
114 189
154 101
164 61
132 177
94 36
30 119
20 92
74 2
148 7
41 7
184 126
133 46
78 77
79 76
136 56
40 103
79 142
104 182
115 177
82 179
187 47
180 11
171 129
147 169
168 9
145 66
177 190
199 126
61 1
0 13
6 24
200 10
168 152
112 111
91 2
103 2
19 7
13 5
186 59
41 120
156 183
130 20
97 186
58 114
73 68
72 116
79 182
57 73
93 142
4 66
170 160
55 55
58 90
176 196
87 191
73 178
9 132
150 122
2 7
25 145
186 172
40 72
65 10
4 138
88 119
98 61
74 63
7 39
149 79
172 35
176 39
9 132
144 82
4 93
101 69
132 152
12 68
148 174
177 128
102 127
69 154
60 144
113 41
108 107
169 96
92 138
29 80
147 75
126 53
171 31
90 17
61 27
35 11
193 192
149 46
80 11
158 103
69 52
184 177
170 23
178 135
161 140
161 52
2 194
86 42
126 159
134 102
88 99
113 28
167 68
21 141
163 53
111 99
83 0
148 160
165 106
125 132
177 93
98 113
137 82
155 64
145 37
96 19
186 166
90 50
192 105
91 146
143 97
93 87
100 162
82 80
27 195
99 10
73 148
175 68
173 99
136 95
99 35
106 47
22 8
192 135
4 163
10 69
26 115
67 188
1 162
158 39
200 151
186 67
96 71
59 91
106 47
123 170
118 5
125 16
174 149
48 28
163 89
117 180
2 80
166 133
153 55
13 143
85 34
115 126
66 102
33 195
80 17
69 144
48 186
109 58
154 169
88 41
35 158
183 158
110 86
155 65
199 129
100 114
164 158
13 2
24 156
184 106
189 164
180 198
85 49
97 61
14 60
74 200
125 158
15 175
58 142
193 61
80 91
97 194
189 58
173 59
189 133
163 144
42 86
26 154
34 197
56 26
84 118
76 24
52 66
45 49
157 117
59 103
56 3
78 67
178 64
144 153
69 137
132 106
87 42
46 108
81 179
9 148
44 93
30 1
51 49
81 55
109 101
56 142
162 3
182 199
200 102
100 96
199 157
102 118
161 37
149 102
11 187
140 62
32 190
78 82
23 21
146 96
199 71
123 47
6 23
197 51
28 22
96 8
104 188
48 117
125 47
182 127
80 174
117 74
72 26
191 60
85 158
34 88
104 173
178 144
133 101
115 49
15 125
108 134
103 0
68 179
117 152
118 133
178 117
30 198
18 181
7 152
117 102
189 151
167 46
146 138
85 44
149 181
41 35
146 145
23 116
108 59
53 134
169 84
85 108
30 110
95 105
123 171
6 193
178 102
69 52
128 92
94 113
10 200
59 151
163 18
38 163
127 12
61 30
37 126
148 76
145 68
152 188
164 71
22 16
58 157
17 102
102 141
38 72
175 173
12 137
10 67
40 147
75 122
187 45
54 170
113 118
165 117
184 0
165 50
161 92
90 113
185 154
175 133
19 86
69 148
41 143
148 105
26 81
165 197
132 42
25 102
168 13
0 130
110 107
158 172
85 144
170 27
99 12
20 96
96 194
186 136
160 117
58 155
10 81
114 195
147 76
11 188
0 85
159 131
140 120
55 76
100 126
172 17
26 66
41 109
36 90
175 144
61 190
24 76
173 181
25 163
28 26
52 125
26 166
81 13
118 131
15 59
181 117
173 102
74 28
39 188
137 78
107 46
128 128
106 41
34 143
4 175
172 24
137 19
96 24
137 170
166 1
109 127
148 102
1 35
5 142
64 63
53 120
142 142
55 77
156 149
94 136
49 136
43 67
119 200
109 181
139 42
58 54
76 198
35 180
13 3
91 95
14 134
159 120
178 7
150 158
108 133
198 154
123 178
98 86
3 137
143 75
158 106
199 96
27 104
123 79
110 176
64 15
163 137
143 39
159 77
15 187
85 60
50 159
4 146
61 184
122 9
5 33
37 31
165 102
112 168
174 186
184 71
163 177
14 157
16 90
196 177
98 150
180 78
62 4
159 190
198 172
82 61
134 128
136 165
110 192
161 51
77 120
41 69
126 190
183 108
116 5
136 78
70 41
118 160
124 99
58 78
92 65
173 185
132 94
8 8
145 85
69 199
139 80
3 29
132 106
170 30
141 143
189 147
198 12
63 103
89 33
22 44
10 11
96 184
79 110
149 143
13 180
92 185
81 74
80 24
174 95
163 192
17 119
167 29
33 136
165 31
177 147
199 85
136 2
175 146
195 189
45 175
102 55
14 130
89 125
100 72
9 155
51 28
186 184
2 161
61 37
114 95
39 153
4 177
46 191
177 42
126 91
176 195
91 20
88 191
68 152
55 187
162 91
157 105
69 77
99 175
65 19
72 115
179 199
52 142
103 2
78 90
43 177
82 198
31 176
48 134
36 7
134 43
139 97
40 61
143 192
15 40
157 196
82 162
145 89
0 137
99 142
148 151
19 59
152 94
130 84
6 139
184 198
31 148
77 185
150 47
184 188
32 139
125 86
82 198
65 186
174 134
115 65
196 57
129 96
178 139
159 62
4 157
173 73
62 158
92 0
194 19
61 146
90 26
6 3
164 93
41 182
102 61
158 186
25 197
75 150
178 66
0 157
127 83
121 42
82 138
23 82
144 147
38 21
68 99
146 115
56 90
73 29
94 165
26 117
55 6
32 12
133 47
151 64
20 65
58 57
11 50
139 161
68 73
5 75
17 187
16 142
106 13
127 161
78 2
13 113
70 7
83 122
14 18
46 41
55 186
59 168
73 184
65 150
141 128
175 153
21 156
160 68
25 128
155 39
157 110
101 119
153 125
185 46
41 192
17 182
163 184
8 183
29 10
23 71
161 113
66 138
62 165
7 177
25 184
66 173
93 7
29 42
93 120
160 154
110 83
138 148
80 192
153 200
184 143
49 157
133 94
36 153
52 13
5 93
41 143
160 50
162 155
121 33
4 74
64 24
147 94
41 111
186 152
61 93
193 191
50 68
96 46
37 25
24 163
72 155
19 109
47 88
199 70
197 139
86 106
78 123
3 11
34 25
152 54
76 68
163 105
90 154
130 87
178 71
39 46
133 22
31 195
136 13
187 16
132 115
11 3
160 69
50 141
164 62
60 73
61 188
158 3
66 123
96 13
61 137
48 179
119 3
21 101
65 165
57 47
157 185
26 71
84 192
11 67
200 35
169 188
90 60
34 31
199 197
105 35
0 189
72 10
193 200
120 6
58 31
186 76
79 65
76 59
86 57
146 55
194 135
9 177
17 108
8 46
151 148
188 139
126 69
80 39
178 113
22 24
183 99
62 32
91 8
67 87
132 39
168 74
81 145
120 199
97 158
89 10
57 107
97 159
157 187
171 29
13 173
86 181
60 10
140 17
1 31
72 56
179 164
128 80
52 122
91 175
39 0
175 172
6 44
43 123
76 93
53 87
43 51
128 146
189 177
92 68
182 51
7 149
15 52
133 164
69 12
21 131
66 49
93 140
99 76
70 35
53 148
79 108
200 37
168 8
69 83
145 195
31 161
145 163
66 99
172 21
128 125
72 7
113 150
131 65
106 47
159 105
183 178
184 72
133 165
107 49
14 17
135 172
123 199
154 2
19 101
1 188
109 129
10 90
177 64
82 182
39 188
174 192
153 48
20 158
137 143
38 24
75 41
32 106
192 154
128 35
13 76
78 37
139 95
193 166
129 73
68 55
191 148
160 111
107 51
131 129
3 75
90 51
141 66
19 187
17 26
4 67
104 149
51 69
78 3
81 162
67 133
21 176
103 78
104 190
198 179
174 86
13 99
11 0
16 93
84 93
119 182
164 12
141 50
53 192
161 117
64 79
23 14
123 134
59 32
52 163
139 110
163 59
128 32
1 81
173 185
192 180
177 186
80 2
3 140
59 6
9 34
130 34
35 52
170 14
109 137
68 188
63 35
139 40
148 1
87 63
17 35
32 155
122 200
142 110
192 52
153 156
137 132
13 168
87 120
128 12
164 32
110 159
17 42
197 12
58 144
6 102
171 51
74 14
7 47
59 24
173 54
44 133
146 188
54 54
87 157
40 6
59 77
116 81
70 1
24 97
142 86
167 52
31 178
4 116
178 4
169 170
127 41
69 3
71 54
111 115
51 9
132 60
19 35
24 114
104 84
199 71
119 154
160 176
136 199
15 113
89 89
45 70
23 25
82 44
187 188
38 95
42 146
196 31
105 10
196 183
179 36
190 137
187 12
57 177
0 101
120 143
26 154
81 28
175 29
67 124
142 93
88 56
55 163
68 86
59 29
98 43
197 197
118 157
192 128
173 15
7 41
88 62
193 25
34 175
89 144
150 55
136 154
186 72
69 87
123 53
141 76
186 15
134 111
146 171
98 150
188 185
69 85
49 63
67 35
21 150
8 49
100 83
71 77
163 132
145 101
165 9
41 134
4 160
56 9
120 138
99 16
66 48
117 154
156 96
116 144
114 152
104 180
88 165
191 199
73 126
181 73
143 130
29 56
103 114
61 29
32 16
73 23
115 180
175 24
96 44
170 113
18 161
169 71
63 186
95 180
116 161
198 196
187 58
107 20
73 42
157 143
25 127
158 128
28 52
179 162
46 200
185 150
89 42
94 169
26 41
172 113
178 144
182 30
149 3
54 157
67 199
178 11
36 35
77 71
18 59
45 2
167 137
141 164
92 13
103 144
26 41
84 197
49 19
139 194
35 53
73 142
122 89
148 66
131 80
99 64
172 119
20 61
126 66
112 144
119 182
144 147
97 116
65 49
91 130
115 78
90 105
25 117
49 191
117 29
53 33
119 62
11 191
133 151
149 187
6 167
63 22
81 36
163 146
22 193
1 17
159 74
0 78
78 198
114 155
28 93
8 4
97 197
67 124
84 187
5 6
68 40
192 164
7 195
114 104
128 80
118 142
125 175
111 192
153 104
51 15
56 11
9 60
82 89
185 87
140 41
161 62
130 39
112 92
174 130
100 195
137 192
166 69
147 138
124 109
78 20
78 190
60 184
170 171
12 174
80 191
98 81
34 29
20 59
135 70
125 57
50 143
3 186
103 168
67 43
35 131
85 182
150 109
187 85
81 174
5 199
26 176
61 74
104 72
144 160
51 5
65 112
26 192
119 178
159 155
97 144
172 72
152 98
13 166
12 180
130 153
121 154
32 120
110 106
105 35
33 176
56 155
148 170
121 82
51 152
107 160
164 99
46 55
191 113
33 108
144 134
122 168
44 157
144 59
64 61
163 114
14 28
137 137
51 80
60 21
85 100
30 105
175 99
169 132
2 103
141 113
195 138
36 111
134 183
200 62
75 200
169 163
25 6
9 164
47 117
3 145
148 3
82 21
98 16
6 196
118 103
34 174
69 176
134 186
33 46
22 129
44 97
167 23
162 6
64 96
67 137
96 64
45 31
98 55
55 64
66 68
130 111
171 129
106 193
36 114
13 115
67 167
126 11
108 134
190 123
160 94
106 106
102 18
135 181
141 17
76 131
8 110
69 41
1 88
197 106
51 122
55 154
41 87
24 185
77 107
164 6
163 81
83 82
18 12
7 58
144 156
155 51
112 96
176 176
5 49
3 71
90 162
88 107
150 157
45 33
184 200
156 149
36 24
44 196
87 134
73 184
69 119
185 36
74 100
131 63
67 14
22 149
5 13
7 133
50 76
192 6
103 4
17 156
99 67
31 144
185 185
151 26
154 23
168 118
97 152
37 54
24 167
183 139
117 7
57 44
100 138
87 200
132 109
52 165
127 52
48 84
188 89
36 44
198 18
114 83
148 101
72 162
3 127
181 117
46 94
5 192
16 180
32 65
112 158
77 175
37 152
114 57
141 14
195 187
140 118
60 38
174 60
115 156
115 132
171 71
127 84
24 165
1 74
162 73
17 93
31 93
13 170
130 55
14 158
145 90
105 148
1 91
139 49
75 61
148 1
159 96
66 145
177 3
166 99
174 151
188 65
157 176
36 191
156 33
185 16
198 39
48 126
19 26
106 9
45 123
30 104
140 192
177 95
166 62
112 126
62 148
76 197
18 58
59 153
103 138
125 198
190 6
151 26
165 176
55 78
113 122
26 16
124 184
126 53
36 145
129 108
27 22
124 2
103 43
163 87
118 53
54 112
188 36
58 178
102 98
16 154
44 59
17 79
26 131
120 107
38 140
151 174
184 174
78 59
181 145
92 127
136 97
164 140
44 128
199 159
64 140
151 71
186 123
193 163
19 177
44 189
30 100
162 53
130 126
116 88
199 169
8 112
2 111
181 63
143 4
76 51
195 164
112 138
14 4
111 48
38 30
147 150
152 15
166 126
144 93
129 15
153 81
98 136
95 83
117 62
77 167
142 114
35 114
48 126
157 132
10 39
80 118
99 101
197 139
24 139
125 74
27 131
61 51
143 188
153 66
193 12
196 118
12 163
46 189
80 166
170 33
55 126
193 40
96 76
0 86
95 21
119 15
91 135
179 4
81 154
97 60
38 188
29 130
101 27
26 197
52 10
62 59
183 191
188 97
158 120
56 35
59 191
121 38
145 183
57 129
173 135
70 107
171 81
32 89
85 59
27 194
80 196
137 120
37 179
3 21
62 124
122 158
161 168
160 47
13 68
69 57
26 14
130 140
177 85
78 81
15 200
181 39
51 143
98 45
142 167
109 39
117 107
138 41
107 79
65 4
192 130
73 140
135 174
123 165
190 69
171 7
12 134
22 171
125 41
81 171
77 54
145 180
199 61
119 21
151 4
37 116
199 26
171 67
184 172
194 39
70 154
82 144
164 14
55 76
153 3
32 101
88 41
32 29
38 88
42 23
54 104
134 160
41 49
49 34
184 196
74 44
31 65
179 183
71 69
92 141
191 87
52 88
74 181
87 48
42 152
130 124
150 81
71 99
92 97
32 37
177 105
11 141
4 39
82 141
93 135
108 0
48 91
61 165
94 197
32 75
88 121
50 80
60 14
37 109
143 100
72 142
67 157
191 184
171 55
19 134
31 199
52 190
24 160
173 164
17 106
8 92
199 94
157 28
18 149
105 110
166 162
106 141
69 36
86 98
148 4
188 105
113 134
98 53
93 27
117 44
174 150
190 23
102 26
105 193
196 25
192 83
40 164
187 101
75 99
26 115
65 37
118 137
142 85
64 129
49 61
137 80
155 94
47 7
40 16
112 67
116 176
97 12
20 198
5 11
171 157
59 60
4 155
119 34
181 179
35 127
0 98
168 42
197 198
190 50
109 12
100 142
99 76
78 48
19 1
26 128
90 143
153 155
148 35
197 160
16 44
192 147
114 135
56 194
18 107
91 39
88 193
130 155
42 140
4 131
71 52
33 110
157 107
86 43
102 39
176 194
98 20
95 88
169 145
37 188
191 61
88 157
41 91
133 84
38 108
56 13
136 42
62 145
79 62
132 57
13 172
25 65
55 126
193 34
199 53
45 55
66 37
177 162
147 135
162 62
150 125
184 62
59 123
139 61
107 146
124 132
197 64
47 72
92 16
49 187
68 186
36 36
114 17
151 119
168 72
70 150
82 124
182 138
133 155
126 168
59 126
58 39
174 123
45 104
139 25
49 79
155 194
92 77
190 27
152 21
175 154
128 117
61 130
145 154
176 183
113 123
130 125
111 48
73 162
47 149
177 128
64 107
11 117
114 57
85 152
135 17
113 165
46 72
127 144
195 181
154 63
159 184
56 85
100 114
75 73
77 101
161 132
131 155
69 11
97 72
19 55
23 51
90 34
188 21
192 80
1 125
139 12
150 170
47 98
146 172
42 99
24 89
27 193
110 167
189 84
136 174
109 47
187 146
151 191
44 1
41 12
0 75
33 132
33 132
178 173
188 121
167 31
22 131
75 187
57 178
23 180
37 33
195 173
169 166
154 126
123 120
118 15
188 193
137 111
36 105
164 178
44 26
183 118
25 23
69 181
104 56
92 107
138 7
165 179
47 124
175 153
149 105
67 42
188 5
96 87
109 187
142 20
124 164
155 84
120 51
159 108
158 185
91 39
5 135
186 86
165 186
174 0
108 111
82 116
104 190
168 37
11 47
36 1
133 33
138 150
183 93
187 196
42 1
150 90
71 187
117 12
198 195
170 50
32 106
109 84
101 23
55 79
134 142
58 8
22 61
0 152
165 115
126 86
139 42
61 159
3 77
56 3
79 90
56 0
84 137
138 109
158 19
28 21
83 71
54 15
132 55
141 60
59 194
141 88
187 191
155 18
106 61
23 123
83 152
196 134
41 2
23 71
170 146
199 144
152 103
104 29
129 106
199 175
28 106
16 26
30 35
68 173
151 133
8 179
114 77
193 192
188 102
186 12
47 130
139 90
155 94
126 12
173 101
42 68
28 13
65 62
183 47
25 36
84 141
100 158
72 54
117 159
101 169
92 93
3 72
193 151
132 43
127 108
121 151
72 49
199 147
15 175
62 147
96 188
121 62
40 57
4 149
60 117
144 49
152 199
127 61
84 66
40 200
98 28
152 172
107 20
161 198
183 158
49 91
72 164
145 185
13 101
49 175
195 132
49 0
53 117
37 61
110 70
177 143
188 57
55 61
149 81
129 97
97 60
117 30
154 100
21 53
55 68
59 166
101 156
62 3
19 157
112 60
97 92
117 68
101 45
99 189
115 154
141 74
3 179
127 27
146 73
179 31
101 189
131 65
79 158
178 172
166 147
74 68
107 87
190 47
122 155
21 160
190 98
39 83
13 192
40 174
188 56
0 145
38 100
11 149
57 44
41 96
136 46
184 189
157 12
124 145
151 125
51 165
144 125
5 140
162 57
146 103
99 148
103 144
46 105
95 38
168 56
92 67
127 93
76 65
114 157
55 88
73 20
25 174
60 139
184 28
159 47
81 17
86 111
200 122
141 96
185 167
1 111
146 79
162 188
111 155
44 62
31 113
162 199
49 0
17 84
73 133
176 74
0 128
120 144
28 152
14 179
181 153
53 64
126 109
10 147
42 42
25 150
147 148
37 61
45 36
36 172
129 103
180 159
112 57
4 41
131 158
52 8
54 197
116 189
161 23
12 7
100 181
6 102
0 80
122 121
41 141
100 3
35 29
120 97
148 154
88 41
131 188
147 108
128 4
187 195
84 28
154 153
77 36
169 86
30 45
180 188
66 178
24 58
26 1
37 105
140 62
68 48
113 152
142 119
136 96
117 113
98 148
30 131
1 30
121 69
143 154
72 145
5 53
110 168
109 19
52 155
199 138
161 94
188 48
170 147
177 162
132 129
52 195
68 10
172 159
187 39
23 184
170 48
118 72
162 133
120 56
55 47
46 64
105 4
52 70
139 140
66 52
32 71
174 65
1 154
101 41
198 59
31 67
39 71
103 20
25 60
146 36
137 154
10 182
168 55
45 52
180 6
62 72
133 136
68 109
30 87
71 140
65 67
123 109
0 83
75 193
111 110
24 112
94 72
18 92
110 36
73 165
97 97
79 79
148 172
123 188
56 111
48 6
87 31
78 110
22 23
92 105
189 18
121 92
139 84
40 151
77 10
86 22
158 91
165 12
15 123
21 146
147 17
159 124
13 160
21 110
191 12
7 25
129 107
174 112
66 175
23 185
36 54
68 171
123 116
117 38
72 67
138 6
14 109
36 105
147 111
187 33
111 194
14 185
52 137
88 164
191 135
108 48
199 72
192 168
1 146
132 108
12 136
172 71
125 125
31 156
177 51
182 10
26 94
55 117
54 36
130 168
151 132
124 172
47 30
14 191
12 116
184 178
72 34
157 27
127 198
128 100
155 57
198 177
76 171
90 151
77 127
174 24
160 29
158 125
132 57
17 7
163 16
21 187
148 82
52 159
163 45
113 145
30 15
117 186
171 121
20 94
174 69
194 190
84 24
62 93
10 151
54 190
125 59
19 40
107 179
66 130
70 178
9 133
95 187
143 47
96 199
177 122
100 143
59 30
97 138
98 60
105 134
115 81
176 98
186 91
189 124
34 116
34 157
198 95
191 84
136 108
189 52
18 140
90 193
67 51
42 110
137 6
134 173
166 162
39 159
97 28
181 94
14 148
198 195
65 87
200 127
182 27
138 185
193 58
131 32
47 45
123 173
158 42
196 115
150 46
48 138
152 69
92 26
75 165
196 38
108 75
10 41
105 175
108 169
138 106
106 185
25 74
128 171
136 125
158 76
125 182
167 171
159 13
90 1
101 27
186 11
76 140
57 87
91 26
57 175
45 37
75 42
112 185
178 96
109 20
48 198
6 157
33 156
173 140
28 122
125 200
135 61
67 122
125 81
64 180
141 173
144 78
141 96
164 113
132 180
77 31
20 92
15 39
36 16
108 144
72 46
178 146
184 96
84 164
174 76
18 153
55 13
47 186
69 193
169 14
84 3
118 139
58 19
30 76
193 40
70 113
40 122
200 191
184 189
168 124
39 166
33 158
59 84
160 74
70 21
17 37
48 197
191 98
128 23
198 36
192 15
158 192
61 71
190 23
12 197
57 66
83 98
60 12
42 197
178 116
112 156
2 29
113 172
31 24
113 105
11 158
98 41
123 49
145 197
78 12
48 21
120 110
132 93
30 171
39 189
197 108
7 198
53 133
29 22
36 81
49 31
69 124
56 85
106 158
193 39
14 66
191 135
147 26
174 35
159 149
141 73
121 192
147 142
157 16
54 80
91 32
66 166
139 59
47 86
40 133
75 4
22 78
191 112
116 96
34 137
195 88
68 123
60 93
98 134
16 105
52 197
155 198
45 85
118 157
160 76
2 105
35 94
59 32
71 86
34 99
77 132
143 164
120 154
40 135
60 127
173 135
188 170
86 155
187 36
147 54
59 15
145 190
82 109
56 78
92 42
24 188
51 32
90 78
198 149
51 120
80 159
33 148
165 177
145 107
27 196
55 107
75 143
166 63
67 146
129 196
151 57
70 176
16 151
170 75
92 33
47 35
144 19
134 108
117 188
133 95
153 77
45 136
34 116
178 8
121 100
29 178
149 85
63 59
115 37
184 129
195 107
172 76
52 33
172 88
146 46
184 46
32 150
148 2
45 196
88 17
95 37
30 169
120 5
20 26
119 119
40 154
57 25
148 154
131 36
118 161
17 163
66 119
73 82
129 198
153 8
55 148
6 142
112 197
150 83
155 136
81 160
100 100
176 6
66 22
78 36
5 137
48 7
38 110
36 194
37 41
20 70
121 60
19 91
133 34
124 23
83 46
45 73
91 135
120 60
195 138
96 137
118 50
35 60
61 196
176 77
182 37
136 84
95 180
21 50
64 113
147 133
155 135
16 152
65 102
164 161
111 56
89 56
1 10
175 166
76 29
197 70
15 132
96 58
185 59
59 54
76 121
5 51
9 176
27 110
161 12
141 105
64 36
194 8
109 195
102 7
36 125
35 86
141 113
146 53
170 79
152 131
84 25
12 101
97 119
177 82
42 35
184 154
72 77
177 12
112 197
158 143
16 105
139 119
41 164
185 140
192 8
31 94
28 162
163 130
76 156
180 10
25 181
63 156
7 89
40 109
74 54
181 17
187 66
95 72
173 169
42 101
34 139
105 191
168 100
169 151
43 89
191 150
106 127
162 39
185 33
94 81
174 191
56 33
10 67
4 83
180 8
141 124
17 116
58 92
176 109
40 96
59 35
95 47
174 68
133 30
187 178
2 100
76 16
78 195
198 108
89 25
164 136
99 123
173 18
41 103
142 140
70 167
11 26
68 158
72 92
30 31
1 146
166 93
162 108
69 143
107 116
0 34
53 91
180 12
50 70
55 58
127 177
76 174
8 148
106 45
143 104
92 93
135 103
5 52
50 17
171 25
28 79
154 129
61 194
200 196
115 144
7 196
15 175
88 161
114 58
112 163
191 92
99 181
19 66
158 141
34 161
151 156
97 98
147 63
123 160
189 77
180 157
86 18
87 65
112 198
104 37
44 146
61 197
109 86
119 107
126 190
121 59
117 196
107 179
117 115
197 55
98 167
38 12
59 87
138 131
181 184
2 22
17 167
20 72
114 50
186 110
130 172
179 181
171 29
81 88
41 134
176 24
118 136
199 36
186 106
110 175
49 162
188 38
127 23
6 8
133 195
23 66
80 192
54 120
114 29
21 146
65 101
179 33
15 106
131 172
86 61
126 95
88 115
192 158
162 12
143 89
1 172
6 151
12 94
192 119
78 26
80 28
181 25
72 19
73 76
104 34
125 165
163 21
86 89
117 66
190 125
110 174
92 81
128 137
109 102
112 76
21 195
153 121
84 144
79 49
40 47
13 59
130 143
3 172
178 162
133 56
172 123
72 160
154 24
117 84
132 179
127 143
25 69
198 178
31 179
168 162
88 83
101 89
45 71
13 90
75 142
155 145
78 145
188 154
163 93
157 40
77 49
21 128
116 2
106 112
42 2
194 59
102 124
180 192
47 115
101 120
76 198
92 25
10 180
23 95
183 56
64 178
89 148
43 10
175 158
185 6
116 25
107 128
17 100
10 156
175 21
6 137
53 93
59 149
30 25
64 5
16 0
156 74
76 9
132 115
117 105
195 58
136 52
123 21
133 2
53 3
124 84
38 51
99 22
102 45
25 101
193 12
156 182
112 7
1 141
21 145
161 60
178 24
179 186
193 58
158 145
29 46
80 189
45 73
40 141
160 81
30 120
197 115
114 76
54 95
34 40
16 52
117 78
160 96
9 196
146 62
9 31
119 84
93 163
27 26
107 85
87 91
82 34
30 163
53 65
26 120
178 136
65 108
72 20
35 154
103 35
51 80
44 195
18 39
156 144
110 91
19 127
176 101
109 35
98 179
15 29
79 0
133 198
103 110
120 103
25 29
81 50
78 175
60 113
1 163
110 135
87 58
61 106
55 122
199 13
86 115
76 165
16 171
190 121
170 183
63 189
131 49
37 38
73 118
55 172
4 48
92 161
19 175
69 84
28 17
199 147
46 183
23 69
161 88
175 168
172 167
51 29
136 129
140 104
34 105
12 84
113 186
126 95
92 194
23 153
104 56
196 144
119 140
94 175
80 12
20 199
58 39
172 27
186 48
137 95
122 6
100 150
129 83
164 64
61 65
181 159
171 149
126 67
19 169
83 77
95 142
83 27
31 115
184 192
186 8
169 19
192 194
4 107
161 88
197 30
191 178
123 158
66 2
106 151
55 106
31 108
26 9
183 181
48 190
15 94
23 58
31 92
195 17
197 111
78 4
106 53
193 180
142 9
18 102
20 101
40 31
43 178
110 135
157 5
32 40
189 33
4 57
171 55
159 190
19 74
118 34
98 149
117 77
179 194
5 199
58 149
122 125
140 64
59 126
109 111
109 41
3 104
14 69
143 124
72 44
86 62
39 106
72 131
146 147
100 67
113 147
57 77
115 4
121 134
171 57
74 7
8 66
158 101
155 93
153 93
113 48
142 1
124 97
98 103
22 56
29 79
184 13
88 189
61 97
87 82
26 199
46 188
139 166
69 4
76 44
13 105
70 112
4 11
30 93
53 182
111 184
140 165
149 8
168 69
177 187
179 40
130 140
116 141
46 121
169 41
81 186
44 57
18 25
161 110
33 101
55 163
177 143
156 20
79 28
158 8
109 166
95 43
62 16
8 103
190 123
48 15
198 114
9 160
134 105
150 92
34 8
3 182
88 150
22 128
86 134
110 177
138 189
192 87
85 54
127 51
15 194
104 74
23 130
141 105
28 190
7 142
92 84
24 75
175 100
188 117
95 98
158 134
7 151
90 101
50 16
58 105
67 178
113 45
107 60
21 80
65 53
29 89
105 102
59 87
22 15
99 87
9 32
193 113
37 181
111 118
99 36
196 189
200 199
63 68
78 165
129 0
186 74
188 88
178 112
192 68
60 40
61 112
86 75
65 94
53 72
164 102
157 187
86 67
116 154
158 118
145 87
108 16
196 197
77 160
130 146
73 152
137 21
92 197
108 59
155 19
195 195
56 104
129 72
165 144
90 179
51 103
7 18
128 98
144 154
114 168
120 120
98 161
127 133
186 10
5 181
34 0
169 71
39 114
117 24
63 5
20 156
147 94
154 7
0 191
84 12
139 159
60 86
190 45
159 11
184 152
174 159
125 66
137 172
129 22
85 117
54 91
10 156
153 36
193 167
128 195
66 63
188 8
5 142
166 62
53 173
152 73
78 73
174 181
12 36
51 187
98 170
64 85
15 87
188 151
20 94
155 127
8 12
21 171
120 187