200
109 151
39 130
111 107
47 187
153 40
110 163
59 10
199 118
169 47
140 122
11 1
78 10
11 82
77 134
117 167
79 162
5 155
6 109
60 34
134 92
100 111
101 194
101 90
132 47
57 112
158 67
185 117
45 153
165 130
89 78
140 67
150 50
33 145
91 56
1 109
50 21
165 23
177 99
160 152
23 112
38 5
22 120
99 18
21 120
192 175
164 80
196 25
35 162
2 76
189 145
26 127
133 143
7 176
106 33
43 53
167 118
67 57
120 121
125 118
38 182
185 22
21 57
197 130
54 131
193 43
124 8
135 98
80 181
130 193
20 9
141 124
169 88
76 165
126 172
96 116
190 120
25 89
96 116
103 140
150 169
28 119
194 67
101 90
169 155
102 104
124 131
60 46
10 75
156 175
83 80
0 69
120 24
118 56
197 56
66 19
107 83
115 142
139 15
44 70
9 114
25 180
123 52
145 6
57 126
155 81
200 43
166 51
33 53
43 36
107 14
54 98
6 51
1 38
85 177
74 198
46 114
95 173
37 48
21 147
115 172
146 41
41 54
190 29
29 156
155 152
196 92
172 61
135 94
124 41
178 118
129 25
60 123
95 41
72 1
26 55
34 142
198 36
14 4
87 94
28 181
48 4
136 144
8 180
23 142
27 64
139 146
126 141
174 59
120 41
59 170
90 175
198 127
57 100
22 117
48 53
187 96
36 95
111 104
102 11
134 12
85 110
71 170
152 7
151 41
197 38
72 120
136 63
16 118
137 114
75 22
63 178
105 93
186 167
124 68
32 142
144 89
185 167
105 110
17 78
161 12
45 170
93 77
85 120
21 62
65 4
140 52
168 181
95 110
106 8
166 8
168 68
175 91
96 194
85 193
77 46
6 143
78 106
57 100
147 3
98 14
43 92
137 158
70 34
197 108
104 37
31 113
32 24
16 47
110 6
30 148
120 194
112 34
113 120
130 3
31 30
65 41
96 145
163 168
18 85
172 92
105 98
12 99
87 87
158 81
91 15
188 188
75 0
91 195
77 166
86 123
3 80
80 162
37 64
178 175
47 33
61 120
28 69
57 177
142 87
142 138
19 124
100 129
14 167
103 114
124 68
172 175
121 183
45 191
12 103
160 131
115 168
178 26
30 192
79 35
166 196
160 129
108 186
151 49
138 102
33 106
119 71
83 59
75 1
110 90
176 46
158 127
167 144
152 7
125 61
135 184
41 64
17 0
170 183
93 50
44 8
34 111
193 198
9 139
107 128
52 20
66 157
197 20
52 7
180 40
4 38
67 44
125 66
44 183
179 51
193 93
59 22
4 179
56 171
198 102
24 150
10 121
152 165
108 184
167 136
11 96
134 85
46 43
84 106
153 115
104 198
94 162
78 106
191 13
114 59
135 81
22 121
135 196
105 40
15 10
107 172
125 50
174 42
150 66
81 49
59 5
178 8
198 47
133 108
0 59
113 36
0 45
74 131
96 95
137 145
112 104
98 107
0 78
105 65
34 66
11 146
139 51
40 15
136 154
148 179
167 108
156 189
60 164
167 71
61 178
175 88
156 185
94 187
17 70
90 162
136 20
119 8
97 10
185 17
17 96
127 129
43 196
185 151
15 29
14 53
189 90
30 188
164 131
66 195
176 62
31 90
40 199
193 40
196 42
42 62
90 158
60 133
6 192
143 47
79 52
183 73
24 72
194 129
48 82
144 47
180 128
67 158
76 174
165 31
117 35
43 77
170 104
29 65
191 34
123 42
59 82
8 67
186 162
1 20
55 116
44 155
5 36
183 140
15 199
101 18
150 110
40 7
104 157
123 2
141 132
62 3
180 25
19 24
163 120
50 156
198 112
120 197
176 34
34 122
64 146
143 183
139 188
123 171
165 125
30 54
193 16
5 128
116 65
28 159
15 132
142 152
64 61
151 51
106 167
51 71
101 2
67 147
43 98
178 188
179 50
91 170
188 131
51 176
196 3
127 65
123 180
30 179
189 134
194 131
99 148
180 61
44 92
3 54
103 95
194 109
44 52
83 174
138 189
148 29
22 59
45 166
1 7
195 38
63 7
60 138
48 116
4 110
112 150
108 59
13 147
41 129
52 44
42 32
14 54
9 84
146 155
93 131
20 160
97 0
140 58
136 61
15 95
31 111
11 12
143 181
141 69
164 194
108 46
193 138
129 23
34 51
162 181
100 65
82 193
101 71
162 108
0 145
60 60
98 142
72 177
195 139
114 91
115 70
149 197
125 166
59 79
57 115
100 50
183 122
83 191
44 43
124 113
72 144
53 187
55 87
61 98
98 31
51 187
10 75
150 76
152 15
80 189
44 39
163 78
60 75
34 166
78 46
92 58
131 52
29 190
51 197
59 102
1 23
184 26
58 112
161 130
32 98
189 102
69 30
148 55
159 194
71 60
72 15
162 145
40 19
163 65
127 128
120 53
72 26
145 114
82 41
164 87
61 81
91 176
32 85
164 41
46 26
148 96
10 106
48 21
91 50
92 185
192 144
102 183
189 122
118 16
78 3
94 194
62 11
122 12
142 126
95 199
199 126
43 56
173 12
118 124
8 36
126 137
113 102
50 183
130 4
199 119
160 59
45 195
176 77
118 51
44 58
161 198
66 116
36 174
111 102
92 57
161 200
45 84
119 75
173 185
144 200
103 14
16 47
82 189
80 44
190 73
57 183
115 113
119 113
17 43
16 95
7 23
147 191
150 0
44 148
124 110
186 14
73 102
87 179
175 77
171 21
182 112
27 176
138 24
65 24
184 148
113 43
93 4
87 113
42 117
24 164
44 118
122 89
163 53
75 40
171 98
10 67
161 147
91 8
30 61
74 13
41 139
181 164
29 161
154 84
61 137
193 164
192 20
194 89
105 171
70 189
197 48
110 24
159 40
149 166
32 81
109 180
64 118
4 59
188 6
152 103
189 196
74 133
176 18
192 157
29 177
43 65
33 98
91 175
12 180
20 35
82 13
89 54
77 8
125 5
84 19
90 8
181 157
87 75
107 118
81 80
35 133
28 155
51 179
72 193
66 91
23 16
53 128
42 4
119 20
178 169
34 158
51 129
53 17
93 125
163 114
49 174
170 182
136 189
107 54
62 118
53 143
104 194
124 182
16 99
7 7
99 38
133 141
194 107
19 149
179 0
98 8
20 68
89 41
160 37
14 70
101 2
131 98
2 177
193 192
163 26
171 185
154 35
94 76
200 137
45 16
163 94
20 164
78 16
183 5
73 31
67 109
82 192
168 98
110 27
19 36
84 191
60 71
175 86
149 96
105 153
127 178
108 158
40 62
18 122
53 44
153 39
165 128
150 8
63 98
15 194
35 86
194 51
61 137
45 67
151 156
84 34
130 107
152 111
46 163
74 189
121 78
39 175
175 83
65 125
56 136
64 32
177 151
148 3
5 200
73 65
98 31
167 182
31 41
24 7
149 151
34 61
106 42
23 19
158 90
179 18
95 68
78 180
41 178
83 54
17 140
27 70
17 78
21 178
171 179
178 195
168 169
91 190
23 124
50 16
73 103
175 14
116 71
29 199
196 96
77 140
117 55
7 148
159 141
61 163
80 116
116 133
170 133
183 182
182 164
24 41
82 53
158 59
19 50
43 58
62 162
108 108
113 190
37 120
120 39
136 136
14 119
178 3
109 77
29 23
78 38
45 108
161 96
43 36
95 65
12 92
144 181
2 31
84 135
2 78
18 117
96 154
66 105
188 159
49 144
196 46
21 124
121 132
179 171
67 193
175 187
7 102
178 126
105 144
29 20
106 171
108 81
50 74
136 191
144 12
101 23
183 11
17 165
163 96
98 177
32 33
95 18
34 77
129 8
101 83
192 83
20 197
76 91
125 48
183 138
172 148
193 60
77 62
146 124
6 29
46 152
188 164
119 141
152 82
78 15
10 96
118 164
119 120
39 107
151 116
193 84
93 5
172 29
122 139
125 79
30 77
130 131
178 172
4 134
3 192
132 54
20 131
155 152
115 107
8 108
1 125
163 92
140 53
99 147
199 93
186 0
92 115
68 126
55 90
120 150
131 144
53 180
36 89
12 163
104 73
163 180
79 48
81 90
161 160
88 66
19 138
51 149
198 22
140 114
150 91
172 92
19 64
79 132
79 157
59 5
11 183
5 129
126 18
157 154
19 130
197 133
184 178
164 185
154 176
63 30
103 60
174 144
152 35
170 58
69 78
41 160
69 28
3 104
77 76
129 161
110 176
106 143
116 103
176 68
87 33
112 77
188 7
152 159
29 155
25 152
29 117
3 180
93 5
59 192
25 147
145 74
178 85
13 61
123 175
153 117
22 194
117 186
176 194
9 119
35 100
9 21
64 18
5 83
31 80
159 45
49 188
129 129
180 171
42 37
7 133
69 13
161 104
84 142
67 78
189 164
157 88
74 138
54 24
168 17
109 124
27 46
132 134
89 100
12 72
80 4
41 121
129 53
72 70
98 45
84 23
53 182
152 78
4 179
138 38
10 146
40 175
122 176
167 114
22 165
75 95
12 73
188 145
150 135
57 172
40 9
78 194
67 174
199 22
168 17
152 26
62 107
193 4
47 147
149 114
176 101
73 186
163 140
18 145
29 19
72 5
151 197
170 41
97 64
43 9
25 58
178 174
23 139
108 41
57 67
6 82
100 180
140 185
138 87
56 171
130 54
195 191
55 157
195 68
112 82
98 94
40 100
2 69
192 65
20 20
82 93
180 165
48 110
128 2
166 136
84 48
190 86
1 21
81 138
100 129
98 183
119 31
21 84
3 4
48 110
159 160
52 95
43 61
124 11
184 164
189 72
189 117
132 186
177 162
185 46
96 1
90 14
24 93
92 158
86 141
173 51
199 46
45 197
164 23
131 115
110 60
65 98
117 22
12 94
28 143
164 95
58 182
14 116
20 155
60 115
189 167
151 143
176 114
115 199
41 167
55 56
164 192
68 144
33 61
191 123
58 68
79 166
45 123
95 26
77 126
131 192
88 159
90 7
50 200
55 176
130 23
156 61
33 11
17 177
61 33
54 168
71 29
160 83
75 48
114 54
66 34
134 110
157 26
17 21
150 150
189 100
191 20
185 168
66 174
166 76
142 15
177 55
42 88
88 31
125 119
184 156
187 116
4 63
57 16
93 50
63 13
199 51
172 26
124 108
163 156
141 183
1 80
44 92
173 105
189 138
154 186
54 168
38 160
200 105
71 164
180 49
151 54
109 123
111 13
1 136
116 72
1 172
168 135
180 59
126 59
63 96
180 18
55 22
98 81
69 25
166 60
34 4
65 42
23 184
17 196
107 32
156 3
176 164
69 155
117 161
30 14
142 137
85 52
52 188
80 148
146 200
129 93
117 88
157 191
178 180
67 145
69 42
46 85
76 19
108 106
34 126
6 79
142 78
81 65
60 103
43 5
136 182
182 188
104 172
115 113
130 118
160 25
24 200
9 18
66 111
111 23
98 84
37 46
129 141
83 30
148 35
94 162
98 171
171 162
193 147
6 199
31 181
30 11
107 113
162 126
72 71
137 146
13 62
73 133
79 110
114 163
184 24
196 89
166 177
65 75
123 58
29 200
4 23
188 168
11 146
144 81
89 51
190 187
120 199
46 91
192 53
107 148
63 42
54 90
118 111
196 18
20 175
173 52
131 110
65 139
143 79
193 2
174 178
152 139
51 29
176 72
164 94
67 41
31 66
14 11
146 100
140 120
17 135
41 20
20 107
74 48
59 197
0 124
83 179
157 19
170 187
27 41
100 158
101 79
158 194
57 194
73 181
140 2
130 15
145 73
178 122
194 1
159 88
70 131
113 2
83 190
6 16
3 88
56 49
94 13
66 144
184 52
101 139
185 9
34 101
183 11
90 169
87 97
139 3
136 193
30 184
93 144
65 80
196 83
107 181
62 96
166 164
100 173
183 115
168 132
47 75
42 119
200 162
200 14
118 63
27 60
197 66
183 139
2 52
7 22
4 195
25 188
157 104
102 20
53 72
59 51
26 184
178 135
74 9
52 21
21 188
26 109
112 63
87 58
45 44
81 37
87 154
23 46
185 79
157 88
33 88
1 57
145 143
192 30
193 87
172 79
187 83
182 10
176 96
113 157
165 187
53 69
29 198
147 140
44 20
54 54
198 150
118 29
27 148
184 140
63 140
60 65
56 162
32 182
89 175
177 20
12 140
129 118
89 83
112 156
80 90
51 104
46 63
108 118
4 186
195 98
19 43
152 161
183 165
3 117
22 181
67 34
39 8
180 195
163 61
155 176
174 156
48 196
53 121
55 156
67 158
136 81
79 20
85 63
94 0
48 42
176 136
115 49
42 169
12 196
193 63
43 118
15 194
13 65
91 26
54 116
37 107
141 200
200 8
121 54
162 143
120 74
126 171
170 198
192 172
32 144
46 76
63 118
118 96
176 31
15 188
82 80
58 147
146 128
25 99
33 193
43 141
134 171
105 151
96 189
185 193
107 193
36 137
10 117
66 167
151 42
148 53
140 58
198 146
63 9
0 11
126 139
99 176
136 2
164 132
130 135
154 113
109 105
127 194
138 136
198 29
173 119
26 142
4 193
2 5
164 71
65 93
95 77
101 193
23 160
174 88
197 192
135 116
9 23
170 3
88 105
162 190
128 112
32 174
59 120
92 151
76 109
189 26
7 62
121 79
102 129
23 3
186 11
200 164
4 25
65 137
95 157
155 161
81 80
91 114
182 146
42 82
145 25
18 184
35 123
0 200
75 109
103 194
98 118
48 17
75 71
88 25
126 82
12 28
197 154
122 107
130 48
196 127
108 49
106 143
182 143
36 75
195 106
69 176
162 75
69 197
86 54
103 18
22 166
93 123
151 110
143 102
34 191
141 186
163 70
178 170
21 82
101 70
97 193
194 182
146 38
71 74
118 104
66 188
48 166
15 92
70 32
56 81
171 112
194 142
46 19
46 91
27 134
162 76
169 50
46 54
108 30
113 174
143 104
28 23
11 180
59 153
36 126
40 50
196 149
98 131
17 150
136 91
148 41
195 125
67 123
25 179
124 11
192 4
63 149
124 131
51 53
107 92
133 5
129 183
140 66
132 18
24 197
44 2
199 184
177 144
83 55
107 176
81 37
48 78
3 97
127 189
50 149
54 28
31 109
9 36
99 110
168 132
126 80
193 61
2 110
71 65
119 61
150 10
80 112
167 184
23 169
132 153
12 15
89 196
71 134
110 40
15 130
93 61
64 50
167 184
43 106
59 108
102 96
39 164
20 131
23 121
107 33
108 151
45 4
130 185
60 6
145 69
64 171
125 21
39 63
104 76
75 172
167 114
180 75
152 70
31 150
124 173
26 53
22 141
166 170
57 15
167 40
45 85
81 154
2 16
138 12
89 183
177 92
95 166
92 172
31 95
43 25
113 143
137 106
149 50
24 95
196 8
133 149
48 20
162 187
103 99
100 80
190 177
58 175
139 191
12 36
78 111
54 0
107 89
119 175
172 95
190 105
144 12
65 198
87 83
68 52
200 111
158 155
117 129
25 20
12 9
141 14
136 129
37 104
124 185
155 40
170 177
123 41
172 59
11 173
121 161
105 32
98 52
95 153
90 69
18 70
192 43
122 58
93 124
14 177
115 187
126 36
11 42
140 32
37 118
69 1
132 39
48 186
33 150
131 23
137 44
162 18
45 65
148 3
113 103
25 195
192 125
67 161
149 185
126 76
150 67
136 141
53 119
77 14
19 12
21 67
130 187
88 149
3 138
102 197
149 120
79 67
87 31
116 3
89 149
126 76
109 162
137 191
91 186
95 152
24 87
112 105
158 16
86 199
79 145
159 166
1 115
23 153
183 12
1 19
101 197
173 91
173 200
105 74
43 106
55 52
49 140
62 76
11 37
55 156
88 148
78 68
145 25
80 82
59 45
52 175
132 166
64 10
23 172
195 85
192 4
59 86
87 18
116 13
43 24
99 44
56 42
146 145
119 153
166 104
108 41
44 105
93 155
154 194
126 93
61 35
124 54
67 27
86 120
66 142
166 173
93 7
18 85
10 147
167 57
111 39
127 130
183 149
67 87
97 44
8 3
134 14
120 81
169 9
10 176
118 163
147 74
84 24
36 189
127 143
190 168
125 190
174 79
183 58
5 52
102 193
109 18
109 113
189 147
195 66
94 186
181 15
187 144
11 0
3 127
40 106
2 145
172 120
118 49
64 96
9 13
84 153
166 169
63 177
71 10
199 195
87 61
199 7
142 52
128 52
45 114
142 61
69 143
130 140
54 104
0 29
148 101
144 125
149 113
114 162
42 60
115 108
196 164
16 170
50 112
86 71
194 69
170 185
84 181
27 150
195 113
53 53
68 20
195 15
123 1
0 122
156 16
118 115
168 107
150 120
119 134
63 175
76 155
77 97
101 161
143 0
82 28
55 32
7 34
27 120
143 115
88 91
198 116
97 114
121 154
96 51
32 15
138 23
194 89
130 32
122 118
85 77
100 175
167 31
172 66
197 21
180 18
182 117
187 135
125 108
64 71
152 148
101 13
2 178
166 118
58 29
23 0
38 61
185 157
0 108
176 113
19 33
151 7
8 180
94 150
119 31
43 178
127 45
45 88
171 101
114 111
131 11
78 86
8 60
200 174
52 184
187 128
177 21
132 77
186 53
93 122
58 19
81 147
19 172
111 14
8 171
145 146
190 46
34 48
86 42
39 71
147 154
80 181
57 53
79 192
57 34
172 161
199 199
58 88
140 199
156 144
144 198
159 180
182 106
51 166
102 183
11 93
120 15
91 89
165 91
80 185
46 72
134 116
70 77
148 148
180 135
163 82
67 155
92 119
6 200
162 88
155 30
110 134
103 88
58 72
161 174
124 48
192 116
23 148
120 189
99 104
61 117
15 167
41 20
25 119
99 160
60 52
120 48
121 67
113 33
173 188
175 86
182 128
133 109
138 26
45 4
109 168
189 84
58 198
188 84
95 112
40 135
35 83
183 6
22 106
26 52
114 69
166 23
93 103
51 150
82 89
131 107
25 166
135 71
15 58
0 65
45 126
143 187
32 56
26 14
128 180
106 0
32 140
105 67
185 62
172 110
124 114
194 168
185 98
192 183
57 50
188 124
40 151
46 46
53 195
36 3
83 161
34 54
68 75
60 134
172 143
166 148
167 126
105 137
35 195
41 116
182 99
37 100
196 144
177 112
86 150
15 37
103 36
58 99
82 168
87 164
110 48
74 160
115 32
15 143
60 182
4 114
40 166
168 34
194 41
48 106
75 116
153 162
96 40
38 4
180 91
115 67
156 116
135 169
8 6
87 53
142 141
132 69
110 28
181 186
142 196
98 39
154 42
16 83
149 114
92 173
9 157
18 48
199 127
181 27
177 87
26 87
81 111
177 159
0 57
104 163
58 32
107 193
170 61
90 66
77 178
38 4
32 170
71 143
176 95
0 77
38 140
30 106
122 137
77 167
101 45
37 34
87 68
49 106
141 16
6 154
113 12
112 133
72 45
1 139
173 166
58 200
47 75
73 5
175 190
102 88
34 188
35 69
95 108
71 20
19 164
60 48
0 46
185 120
139 177
95 63
27 30
7 7
153 113
21 140
167 122
1 5
178 67
63 144
32 191
109 148
118 89
186 100
46 116
15 103
23 191
175 130
119 155
182 64
116 32
121 143
121 176
194 42
111 187
145 25
174 46
21 135
133 32
170 146
24 62
121 122
0 165
68 25
24 193
115 195
13 90
124 123
131 100
106 183
171 117
83 89
58 26
15 126
139 90
85 93
5 50
152 177
41 198
30 103
11 187
25 13
110 166
82 3
51 152
182 19
43 104
124 184
39 84
105 54
79 177
103 41
197 38
17 124
162 20
172 138
150 180
176 43
192 144
178 185
41 183
135 48
1 32
132 154
127 124
163 7
121 58
82 100
52 181
108 52
73 155
56 136
29 199
48 87
194 142
149 22
58 185
66 149
141 134
71 66
72 7
189 139
66 116
80 44
75 18
117 40
27 40
193 15
147 133
41 6
12 185
121 171
69 189
15 60
47 81
26 72
24 168
48 199
83 195
164 15
189 88
105 108
146 15
113 40
133 81
130 156
59 24
151 167
158 1
137 6
104 110
98 174
18 38
157 161
115 29
5 42
182 134
89 12
12 121
46 123
64 106
49 46
137 157
158 3
126 132
87 150
158 157
61 67
81 135
146 49
187 40
6 29
157 66
137 194
65 168
82 89
18 102
0 37
185 100
67 30
130 200
103 81
75 155
138 95
163 40
46 16
15 56
98 153
97 173
109 153
59 26
177 47
24 152
17 70
135 180
71 167
86 152
84 52
181 13
38 99
102 75
187 79
199 12
90 155
68 22
52 61
166 71
73 91
61 52
149 55
151 9
20 145
33 94
38 183
190 18
70 156
82 171
144 198
6 162
191 55
138 8
97 135
79 142
163 15
160 33
43 0
156 169
112 113
141 88
174 99
187 149
69 83
31 17
172 185
12 48
194 145
14 189
49 110
153 23
85 156
93 148
5 104
164 186
29 111
52 194
88 137
68 99
1 164
190 107
167 96
181 71
177 53
197 89
170 103
122 195
49 75
185 71
7 183
199 32
200 75
24 154
75 55
98 55
18 29
164 91
185 31
143 155
72 89
106 144
23 29
105 178
131 32
162 71
11 152
110 148
72 147
53 51
124 166
124 73
80 150
114 117
190 162
12 179
190 177
113 73
120 54
150 28
159 58
90 18
67 38
189 132
149 147
198 111
19 182
112 112
139 5
124 120
157 131
162 148
159 170
145 65
73 141
52 63
18 17
111 45
63 15
107 192
46 89
172 143
8 60
22 66
154 188
118 26
80 41
23 198
40 47
9 99
96 158
20 122
68 187
66 169
130 176
170 53
142 98
77 31
149 195
173 107
150 107
159 5
186 112
143 144
12 79
84 180
62 31
64 24
87 189
5 18
182 198
66 55
75 127
36 190
169 24
188 74
56 33
38 155
7 69
26 3
155 138
16 178
143 87
140 190
43 12
3 52
94 0
187 38
46 94
67 74
123 6
30 112
48 173
101 58
20 24
137 90
59 112
107 6
47 114
158 59
53 200
101 113
12 35
77 87
165 50
58 94
125 104
126 160
78 175
21 22
17 156
121 60
116 116
67 67
74 190
133 148
3 184
54 63
28 165
187 55
163 143
172 54
194 32
146 110
2 40
186 97
42 21
3 123
177 71
142 89
34 167
105 200
122 194
106 181
164 10
115 162
8 77
63 96
129 29
177 124
104 99
190 161
181 145
105 132
58 120
146 98
1 164
179 158
100 132
74 137
28 10
154 99
167 74
146 14
1 0
0 152
144 25
174 181
62 167
167 173
150 9
39 13
40 185
147 2
196 173
3 148
51 88
18 169
156 194
140 150
45 62
160 127
26 200
52 125
200 21
120 96
135 143
35 196
27 43
127 27
13 150
186 140
132 199
31 2
176 61
84 86
156 33
172 50
15 149
77 86
102 139
20 88
63 187
84 165
67 116
6 144
18 28
67 115
24 120
29 180
153 158
148 114
114 152
151 68
22 190
100 56
111 18
131 11
52 146
181 83
144 139
140 137
92 65
167 20
22 153
81 14
70 92
40 133
140 6
84 79
102 140
12 130
156 112
59 135
22 53
17 118
194 69
62 46
128 131
56 134
163 165
121 107
41 139
43 60
145 1
31 44
135 191
87 59
171 151
65 117
159 69
167 42
160 190
52 36
129 93
180 126
15 15
39 112
190 138
105 64
60 59
97 198
4 105
108 52
181 96
67 105
114 31
60 51
111 89
143 22
101 32
135 119
91 12
96 100
134 80
44 3
106 42
81 9
50 72
137 191
167 3
52 156
172 64
102 176
78 149
128 30
76 33
125 36
101 154
82 141
185 42
33 182
101 173
72 191
55 176
109 36
93 188
173 151
163 81
192 190
179 144
32 171
73 159
54 93
82 163
67 97
114 42
113 116
49 13
171 172
94 127
37 155
127 11
93 61
21 15
56 189
44 116
91 131
62 21
43 137
2 72
10 183
145 164
153 2
189 169
88 117
139 91
112 29
144 46
32 38
197 124
30 119
153 184
74 143
101 55
23 11
88 172
157 4
83 49
196 115
3 122
21 32
116 23
73 110
72 23
133 5
28 10
38 66
90 104
152 136
53 167
150 4
102 104
26 113
76 0
30 24
193 8
25 89
81 88
127 138
64 153
136 81
83 29
194 16
177 37
190 58
31 111
60 18
176 132
96 7
65 135
126 8
156 90
61 14
76 67
107 173
107 183
53 77
122 173
78 102
111 78
54 191
18 153
94 106
130 154
104 69
67 36
176 195
163 145
16 67
4 122
134 3
177 82
173 66
11 189
134 60
175 4
184 109
188 180
158 104
24 58
83 44
75 72
32 65
75 99
29 30
108 183
108 157
189 99
192 126
61 21
57 3
76 38
45 119
13 62
73 3
84 11
58 199
148 155
91 30
102 90
7 148
186 123
107 15
100 128
116 92
88 189
155 197
111 124
35 196
157 124
133 111
29 101
152 128
33 80
83 108
49 158
22 125
199 123
66 194
166 39
118 58
151 46
77 167
2 103
141 133
117 153
180 65
184 163
146 200
165 121
159 148
38 76
146 141
77 93
126 19
142 59
134 178
101 38
199 49
64 129
4 117
177 61
29 30
191 162
59 14
177 185
5 38
15 46
160 134
6 76
35 173
61 144
131 10
160 12
119 165
123 6
127 178
88 165
136 168
34 112
89 110
112 13
158 179
20 128
127 72
141 166
96 56
113 139
115 162
139 45
183 149
49 51
71 139
191 17
183 168
173 55
42 41
79 136
160 38
29 87
9 27
100 11
158 182
11 83
82 147
196 161
177 150
82 43
191 187
195 149
109 55
43 117
98 42
131 33
16 192
84 152
49 60
150 183
191 20
115 129
1 68
182 41
167 17
166 28
14 67
29 1
97 70
4 125
55 0
161 112
133 113
16 16
199 86
81 63
97 39
145 8
103 185
151 107
81 119
164 101
41 197
180 62
18 29
198 176
139 3
135 29
51 182
7 137
149 166
35 22
87 4
174 170
115 197
126 23
14 121
157 29
142 42
53 79
170 190
62 198
151 99
30 146
89 92
129 154
81 185
79 59
115 52
145 150
144 34
198 4
145 133
45 174
98 9
109 105
24 18
33 154
87 159
173 61
76 178
26 99
78 93
122 120
197 53
102 188
19 84
22 184
164 55
77 4
123 140
113 75
55 194
68 186
7 80
114 90
54 181
135 146
180 165
64 171
97 3
194 55
150 45
8 197
174 93
175 62
144 138
70 179
188 88
79 24
145 144
141 154
63 112
147 40
84 17
130 14
47 176
95 3
113 160
70 96
102 49
17 99
58 10
23 47
70 98
77 139
48 157
65 73
167 47
56 200
61 173
81 183
67 84
72 15
39 133
195 69
103 191
7 89
191 98
164 179
137 45
85 27
193 135
113 88
198 31
150 82
119 3
66 95
135 139
157 127
184 16
85 200
182 199
55 142
63 188
84 10
102 172
125 136
51 126
197 195
120 191
78 140
57 173
28 17
135 49
134 64
2 167
54 138
46 4
30 93
58 71
16 37
159 155
106 75
135 184
34 14
61 133
104 33
49 84
106 110
157 174
32 130
147 24
169 171
49 5
107 0
187 105
137 157
113 9
135 73
123 60
22 91
78 129
148 143
165 81
183 96
138 6
51 97
22 102
133 26
5 175
169 172
194 99
121 7
7 87
162 171
74 66
180 148
181 159
177 14
188 114
73 54
11 110
150 96
190 183
109 56
9 169
1 186
135 117
114 35
100 175
51 79
181 127
154 142
96 177
125 142
142 12
162 104
146 107
168 12
184 92
25 191
59 150
173 100
100 198
195 6
158 106
25 135
147 170
17 129
14 187
4 33
195 110
10 172
186 85
178 197
183 140
11 47
155 164
200 83
41 16
120 54
181 151
136 18
31 171
175 110
6 16
122 8
79 177
115 101
189 178
183 189
79 114
73 1
131 127
162 139
25 128
107 155
157 62
98 85
43 18
30 39
6 162
26 22
178 8
192 102
22 25
168 102
114 69
138 163
121 17
152 19
137 106
192 141
72 63
41 70
58 1
160 61
33 115
12 87
170 89
115 134
93 20
166 194
199 66
46 108
189 141
46 34
27 92
46 12
82 186
7 110
74 107
99 147
16 140
195 146
77 50
77 81
99 165
122 62
199 183
130 16
168 185
37 8
97 89
16 176
158 196
172 23
63 141
159 133
126 196
155 145
5 173
191 198
27 54
88 174
108 82
12 34
130 118
184 82
138 99
12 141
143 41
73 186
123 11
115 172
78 100
111 74
178 20
98 153
92 32
184 199
26 149
15 171
39 30
136 179
18 138
32 53
36 26
105 45
94 102
86 33
183 113
49 111
19 137
30 68
28 121
8 55
104 10
3 90
98 199
113 180
7 70
5 104
1 199
138 144
105 161
37 15
138 164
157 192
38 99
87 130
167 115
180 181
75 42
115 22
130 81
35 136
110 19
54 129
4 82
190 168
155 138
16 111
115 49
145 175
160 81
37 111
97 141
191 93
8 157
54 82
190 156
47 172
23 190
184 135
184 98
135 195
48 152
14 191
122 163
191 79
145 37
197 121
164 188
110 19
88 44
16 70
11 164
13 195
39 99
180 19
71 23
117 87
59 55
105 137
154 135
195 116
53 178
75 150
148 172
142 89
26 144
165 62
47 32
3 35
65 54
60 99
109 86
12 72
85 126
121 132
27 116
25 7
85 198
193 163
136 79
72 55
199 113
26 124
121 88
80 31
40 16
155 70
6 62
74 179
157 115
126 15
39 60
52 57
191 163
191 24
152 177
173 91
95 69
83 34
85 160
5 8
134 132
23 144
135 91
135 95
24 130
189 35
117 26
8 195
19 120
22 16
20 113
144 108
8 13
22 52
15 56
142 129
15 191
98 113
19 108
200 138
163 47
124 194
198 179
55 195
46 93
80 3
173 153
18 111
24 87
89 179
135 121
60 159
81 172
35 183
14 114
171 195
65 140
50 163
7 158
36 146
126 90
118 53
90 168
171 150
117 18
194 167
181 61
158 43
53 167
70 12
148 48
154 172
74 53
10 193
97 52
181 40
91 27
197 76
44 82
89 68
169 4
88 71
33 123
42 19
135 149
56 19
95 132
70 74
59 123
149 31
166 75
42 122
170 10
55 59
135 125
34 57
64 91
171 151
172 74
157 166
8 21
76 148
40 47
165 51
128 9
87 40
6 186
166 5
5 171
191 73
46 158
28 118
198 91
147 73
162 150
98 110
28 44
115 116
165 105
11 95
188 185
153 106
34 182
72 46
174 109
66 56
15 156
145 14
200 139
169 151
183 14
175 142
46 80
86 132
57 39
17 157
162 198
99 73
67 27
2 109
194 199
144 77
112 74
43 112
21 5
99 75
35 108
147 13
180 9
39 197
30 52
124 172
158 169
93 26
132 188
131 42
49 68
66 49
160 6
57 3
35 141
20 168
117 184
148 136
187 163
166 72
110 174
172 39
154 30
56 117
115 39
138 106
70 90
108 95
3 19
175 88
93 61
146 3
108 152
112 197
106 191
91 47
108 67
31 125
96 136
138 1
61 174
123 18
135 146
186 75
131 190
178 38
67 77
157 10
180 170
54 130
123 40
27 36
73 4
16 179
7 87
143 178
199 24
37 79
188 113
36 91
84 53
86 42
171 157
126 11
155 9
55 6
84 92
11 38
84 128
150 194
185 37
112 94
93 183
72 38
84 166
18 91
178 183
43 54
43 67
52 199
94 187
29 29
44 162
188 132
145 113
53 10
94 30
133 148
79 95
113 49
161 195
197 100
87 16
135 140
35 20
173 80
10 112
24 145
70 162
16 152
27 43
138 166
82 71
89 80
12 149
185 90
122 115
76 160
162 128
20 78
170 101
77 162
89 41
66 32
95 144
169 177
23 25
44 9
192 6
6 116
74 1
170 61
69 27
61 5
67 199
11 114
160 107
138 92
161 183
137 83
113 185
17 191
108 109
79 135
17 176
118 169
152 76
42 193
148 33
85 93
110 94
78 62
120 136
61 184
100 145
150 117
32 174
101 141
16 62
9 16
149 181
6 31
188 117
178 33
161 200
137 43
121 35
184 57
187 190
148 87
132 47
178 138
34 23
148 119
91 95
75 37
152 71
34 166
102 157
27 90
134 28
118 67
148 181
102 126
92 58
145 135
18 95
116 154
37 152
22 35
107 154
155 136
20 191
122 74
61 11
59 191
5 105
3 98
143 115
157 145
54 113
115 114
131 65
47 144
99 69
147 30
61 169
119 70
178 105
94 3
103 72
131 132
21 174
142 56
12 179
58 13
151 78
69 130
78 55
132 158
100 15
156 22
159 72
72 34
61 40
141 16
153 144
159 127
94 19
75 21
13 2
97 85
142 194
136 96
48 109
80 11
104 52
105 103
137 127
26 188
100 177
95 147
153 176
10 161
8 198
154 130
189 41
5 28
8 64
67 102
48 38
146 183
116 77
3 104
160 142
126 123
8 174
24 20
93 197
168 134
177 44
150 23
115 173
192 167
80 131
21 183
100 6
122 117
72 164
30 158
3 129
68 121
190 151
40 161
118 4
2 12
200 94
1 107
155 98
4 107
52 44
127 199
128 111
53 176
38 69
3 186
51 24
164 139
188 150
18 3
81 179
141 161
80 152
190 75
143 0
27 41
34 126
94 98
59 50
161 192
154 120
6 152
143 196
99 13
5 174
99 113
135 192
83 28
197 130
35 159
14 62
71 56
148 28
80 6
100 117
143 26
112 70
6 117
17 81
5 182
28 83
42 1
194 106
67 141
154 63
188 44
133 179
78 139
156 167
48 33
34 108
75 189
168 155
169 134
31 16
51 96
27 158
149 103
48 42
31 134
97 115
95 101
97 129
92 27
127 33
70 114
96 94
144 157
21 141
166 178
0 30
100 200
170 187
195 108
39 50
96 143
70 156
38 181
171 78
104 27
124 120
117 167
59 25
118 161
96 89
66 90
100 15
171 198
27 48
60 167
11 115
147 75
96 141
27 8
187 178
155 120
94 143
0 130
94 161
144 70
125 29
172 32
171 65
61 139
123 104
26 32
95 55
138 47
94 182
64 57
68 108
145 160
42 134
190 114
88 60
61 136
197 51
133 190
142 110
35 68
179 162
47 70
34 14
34 18
90 34
30 130
83 104
3 55
32 83
160 193
130 80
171 7
152 87
111 10
150 72
43 58
140 45
40 90
169 49
110 131
88 20
122 39
64 200
16 174
6 108
185 44
123 12
0 92
7 191
122 127
83 82
11 162
94 141
22 173
140 41
198 176
145 133
171 173
27 171
163 198
163 31
149 141
8 109
179 156
15 131
43 43
178 182
105 170
19 102
175 25
190 72
126 125
125 107
121 173
65 161
27 139
156 60
153 70
96 75
120 95
25 150
40 75
152 41
142 137
148 12
157 54
40 181
179 62
106 117
36 194
174 7
98 170
104 110
66 167
42 104
94 46
7 35
18 21
96 25
94 70
97 146
134 90
170 147
199 178
190 55
176 15
38 2
131 118
153 140
95 21
71 29
142 144
20 165
17 77
64 76
30 87
144 95
31 123
78 85
1 82
105 68
39 39
150 47
106 51
78 2
152 77
119 43
141 15
80 104
64 55
69 59
65 57
161 139
149 2
28 67
200 186
137 48
12 146
200 63
35 85
83 66
126 110
39 138
19 113
73 174
138 176
66 165
72 185
21 54
30 90
14 100
120 40
96 185
70 139
74 176
77 29
48 6
20 61
192 93
64 71
59 157
55 76
88 24
18 175
125 3
166 165
139 172
119 22
76 157
108 40
158 148
161 115
18 158
139 6
67 130
87 96
34 178
26 5
42 200
45 52
52 66
188 148
41 46
52 156
24 173
170 38
73 57
72 40
182 67
6 72
53 177
122 65
137 125
27 94
84 156
116 99
170 105
68 77
81 6
174 93
109 59
54 1
0 42
188 5
131 41
72 59
183 157
54 132
195 66
192 3
159 3
145 160
123 184
106 67
78 65
129 128
52 72
55 90
31 4
10 56
71 76
105 40
46 0
58 59
98 126
24 182
159 28
99 70
70 134
14 151
56 11
45 55
63 2
12 175
82 142
3 0
189 188
185 57
94 187
108 95
26 12
31 124
175 30
7 73
108 30
139 153
128 102
49 116
158 8
125 77
127 56
62 124
129 191
109 31
164 41
151 157
182 127
159 6
172 85
115 15
160 99
53 123
174 54
34 152
41 141
106 117
196 161
66 159
188 100
136 184
4 123
147 166
182 110
92 47
99 181
35 10
170 59
58 169
58 171
113 83
200 107
113 9
186 155
149 185
173 78
5 12
171 178
36 180
74 52
165 56
129 180
169 176
66 186
82 161
131 190
195 52
178 94
146 156
42 157
147 38
28 32
125 88
156 179
70 20
97 61
110 57
15 39
44 73
182 178
108 140
18 16
103 128
48 188
134 177
116 134
121 23
156 46
127 117
54 50
110 26
122 156
30 138
68 53
196 151
36 141
58 129
53 59
33 29
166 141
134 81
140 172
93 80
96 86
99 43
43 169
114 25
51 106
89 140
85 171
34 158
139 56
66 76
56 87
120 17
176 138
175 56
193 31
73 191
196 23
98 140
60 5
36 108
106 69
3 49
186 187
40 36
101 191
10 82
35 23
69 164
117 91
140 149
69 84
156 146
117 197
166 97
73 113
114 166
14 122
96 69
65 75
112 85
40 168
169 77
128 51
121 141
20 33
158 27
188 0
110 100
100 92
30 169
161 109
196 53
81 5
165 59
49 135
76 164
31 92
173 165
68 46
85 113
17 196
170 139
73 47
173 154
2 197
99 13
112 108
143 169
130 92
80 40
126 47
188 88
85 167
104 112
98 153
25 12
147 93
59 98
50 125
73 36
96 0
133 152
36 199
199 130
67 186
156 92
87 127
0 118
158 169
97 52
133 123
187 65
79 132
105 153
50 172
127 89
186 69
133 155
92 21
102 167
175 58
134 148
153 109
192 87
124 118
75 67
105 96
173 84
115 82
110 88
119 75
82 47
113 148
119 86
78 72
7 41
72 97
152 59
182 187
112 156
93 155
58 174
38 40
116 139
33 58
117 182
29 55
178 70
200 121
149 8
123 78
149 195
112 60
49 49
66 70
55 1
81 93
5 50
191 66
85 188
144 106
24 38
93 111
31 94
171 33
121 8
84 191
56 29
11 1
40 20
182 34
113 124
89 117
42 148
25 105
4 90
171 52
11 151
2 25
168 180
162 81
60 62
22 88
59 26
34 72
5 198
80 105
58 197
105 90
45 144
151 96
147 147
160 162
181 17
23 40
103 97
137 112
159 0
80 190
7 73
90 110
22 97
37 92
183 167
5 166
107 93
193 4
67 189
4 151
86 27
154 166
156 33
154 43
132 49
110 16
51 78
141 130
32 133
2 18
160 114
95 139
192 30
93 93
123 190
160 157
159 145
126 30
175 185
97 42
44 14
4 7
150 82
195 79
72 191
102 197
51 109
133 156
73 134
150 144
114 48
154 43
191 129
47 132
124 200
105 171
108 188
97 5
188 189
28 60
129 123
187 58
13 0
71 131
118 194
170 23
31 153
176 83
71 87
129 17
88 152
84 99
140 91
148 89
165 29
70 103
120 125
150 140
13 160
27 57
143 131
142 179
65 107
172 42
133 84
92 37
81 12
42 197
164 157
74 139
160 53
17 101
75 122
132 49
62 83
125 18
118 128
136 157
109 48
182 19
0 0
188 111
164 4
43 64
180 164
179 47
185 6
106 194
143 200
96 1
10 9
39 1
28 192
20 56
178 160
12 161
67 41
108 164
164 114
186 75
175 51
41 142
2 8
3 42
28 5
101 84
174 113
97 194
186 194
103 31
3 178
70 70
169 143
96 33
166 187
153 70
162 34
172 187
89 163
51 6
11 144
143 57
103 86
174 64
156 82
142 156
106 196
41 198
165 11
164 19
41 149
173 157
51 161
90 177
75 152
137 180
81 180
177 70
140 131
61 65
195 147
166 174
23 136
136 35
14 107
104 129
184 185
44 71
125 73
175 165
160 74
5 33
90 116
90 166
92 56
57 14
82 121
134 1
119 9
77 95
120 178
112 3
48 166
9 85
88 22
107 144
189 95
2 177
102 120
133 105
83 193
82 128
23 94
5 126
191 110
29 16
142 114
99 146
129 58
141 114
176 64
59 175
164 141
180 177
20 122
177 39
130 190
146 44
97 67
184 5
178 102
190 76
125 102
91 7
101 182
42 99
24 58
87 160
126 133
24 188
148 129
18 198
165 188
15 78
86 72
17 14
57 97
170 64
108 177
140 19
29 193
133 145
107 172
134 1
150 20
57 57
26 184
57 111
51 144
99 30
124 153
150 123
149 23
31 160
135 98
79 99
153 177
70 145
36 153
49 173
93 184
19 54
3 195
195 72
200 170
103 79
165 60
50 105
159 77
137 138
12 191
89 111
50 11
101 182
130 118
116 34
172 85
31 2
97 145
194 166
106 189
88 184
95 19
70 38
165 111
88 72
99 104
16 67
83 43
156 33
135 68
29 97
132 2
2 118
74 159
124 145
47 135
90 162
21 99
165 44
178 69
62 108
149 163
180 131
185 11
109 98
43 57
147 24
33 73
11 192
85 189
43 166
158 191
163 23
86 161
16 128
155 67
194 193
72 132
184 183
169 62
111 25
43 160
183 24
42 11
55 46
75 135
91 131
2 82
176 110
126 75
88 71
105 72
64 20
57 61
193 28
60 37
132 27
170 164
126 120
147 128
113 155
111 40
6 148
172 104
80 99
1 32
193 67
151 33
22 37
73 45
55 50
199 193
126 69
200 161
91 185
173 176
112 0
169 138
10 6
185 79
12 65
127 135
88 20
191 161
110 156
78 120
195 116
141 168
104 179
136 139
165 103
110 18
26 142
126 70
163 47
69 139
33 82
177 49
175 109
102 74
10 121
66 89
137 11
77 68
98 20
11 92
166 31
47 81
114 184
109 154
199 45
159 28
71 62
130 128
76 0
15 124
45 200
187 198
18 178
90 138
90 175
69 196
106 119
110 167
41 52
99 5
120 28
151 196
129 57
146 147
72 24
4 56
52 78
0 155
176 171
105 35
19 144
103 198
22 187
178 194
104 116
20 60
177 153
51 200
94 10
174 168
116 68
149 184
192 75
156 122
103 100
87 98
138 129
39 181
20 28
173 66
32 195
103 94
100 107
69 71
95 195
101 145
47 97
184 117
4 67
56 163
188 185
116 38
19 188
26 131
54 155
111 185
119 22
51 41
109 135
131 22
32 60
186 16
133 72
64 84
125 166
151 127
103 26
191 40
128 146
91 173
52 147
171 27
161 165
189 59
29 63
160 115
10 64
122 160
124 71
55 3
17 37
66 6
196 200
55 162
167 5
16 18
182 5
130 101
35 79
196 139
46 5
149 43
97 97
74 141
92 71
172 136
134 121
102 104
150 105
172 27
6 33
17 83
110 198
46 118
122 91
17 89
170 188
27 178
187 171
128 27
113 70
90 196
22 199
125 93
55 120
60 153
172 42
113 132
147 149
198 90
9 50
26 56
159 130
190 18
44 42
117 47
9 79
50 153
105 147
49 181
188 140
63 31
95 50
84 170
188 15
122 119
54 129
36 64
32 160
137 100
56 6
193 20
118 10
199 146
121 137
37 199
98 186
77 150
54 164
149 137
166 170
168 177
50 197
26 172
186 151
142 48
145 82
26 152
91 96
168 62
167 117
59 86
92 146
31 106
4 116
144 11
146 200
102 117
38 58
82 155
70 77
191 65
86 67
23 171
110 93
194 58
189 200
113 159
12 60
7 43
166 2
120 69
106 62
65 19
104 87
107 3
86 20
126 168
192 142
154 2
58 66
26 0
44 170
158 138
140 101
92 72
179 7
9 54
137 38
128 43
171 199
107 144
111 88
172 188
129 139
52 173
116 29
90 134
102 179
173 109
145 35
142 96
19 33
134 73
97 186
118 134
43 47
155 135
15 165
146 24
95 145
13 165
154 166
170 175
156 48
73 2
164 45
80 37
174 23
29 82
9 74
191 8
55 181
127 104
166 56
1 173
139 14
106 83
99 27
69 197
79 118
77 6
111 172
15 127
52 3
142 50
134 157
90 179
31 151
109 101
77 99
184 38
51 136
34 37
110 106
89 139
138 45
35 76
4 80
55 190
199 130
87 120
73 40
35 77
37 33
17 100
114 80
126 148
38 64
161 24
177 153
79 132
87 21
25 33
30 62
114 68
28 20
184 150
29 158
152 173
23 108
79 83
98 64
124 53
159 144
172 177
192 159
12 121
76 188
53 141
186 5
118 168
17 44
93 119
176 109
171 133
138 64
26 164
14 26
157 96
191 134
107 120
197 48
51 136
50 173
134 12
171 189
20 185
39 89
12 8
94 58
112 54
145 76
37 195
141 95
139 133
85 79
60 107
30 68
184 47
103 11
178 138
32 30
167 51
199 136
2 12
42 148
125 34
198 184
191 63
164 85
29 142
21 6
124 19
85 140
155 94
18 39
140 127
143 17
129 132
193 200
44 54
48 31
99 96
80 12
82 29
14 157
128 145
40 102
189 181
30 67
182 43
152 188
81 40
2 71
92 95
86 80
64 63
86 198
155 108
156 183
91 90
48 76
35 53
36 33
30 197
144 78
163 41
86 0
190 19
180 164
126 24
18 70
117 169
108 36
28 130
100 174
113 195
165 27
160 192
103 1
137 163
130 136
111 198
188 117
57 108
92 65
30 64
167 111
44 32
46 7
30 81
198 156
61 94
118 198
170 173
56 107
113 10
11 126
99 10
184 98
116 143
127 113
17 46
177 61
131 22
37 4
57 42
12 17
170 148
119 36
24 10
157 150
179 108
35 194
136 51
0 176
115 200
1 182
2 52
142 124
8 46
9 95
100 98
129 10
13 149
82 19
78 126
21 170
94 122
116 59
51 137
122 112
197 155
52 115
173 173
28 19
130 73
148 37
53 70
65 57
6 173
138 56
173 191
176 160
177 168
96 148
118 1
81 155
129 76
124 89
86 58
136 90
10 84
163 141
171 104
128 135
48 95
151 50
162 153
88 139
86 0
46 0
23 64
142 170
118 185
119 169
43 185
12 153
163 43
44 139
26 181
89 145
44 53
11 6
120 73
153 24
83 157
79 116
47 81
36 100
120 1
23 73
84 124
18 73
37 106
114 89
147 65
134 69
113 11
166 90
146 103
197 39
161 41
12 35
26 168
28 127
56 92
139 53
138 151
64 123
51 14
130 134
40 31
74 109
192 89
71 103
51 26
197 144
184 98
28 141
77 120
146 76
52 120
114 142
115 133
98 19
89 73
142 99
126 21
167 79
171 89
187 174
167 66
104 71
32 1
125 33
197 29
44 157
173 76
92 17
31 102
170 56
119 198
104 16
158 164
161 190
103 25
198 65
71 175
61 2
101 78
116 115
182 165
137 35
100 127
156 92
79 115
22 150
156 34
194 109
135 39
15 70
30 23
152 90
33 175
17 156
145 198
177 76
51 145
80 96
71 116
83 115
156 160
96 128
156 45
141 145
129 186
88 176
12 70
109 118
64 194
90 9
153 24
72 138
0 95
190 93
11 26
115 64
132 24
97 17
47 90
16 168
55 135
195 73
132 140
108 166
136 83
122 71
168 68
61 60
10 51
184 96
3 20
140 95
94 103
89 52
34 73
160 11
166 128
105 106
48 195
25 123
185 147
140 35
52 120
163 61
106 130
195 180
112 181
73 12
136 68
40 51
175 185
164 186
83 123
79 179
96 0
74 103
18 54
96 169
19 21
186 25
123 45
30 141
162 118
144 139
118 182
124 100
6 154
187 74
61 33
182 167
181 163
66 148
104 176
141 72
162 31
153 34
99 104
112 69
10 32
78 28
59 83
101 22
74 23
125 34
106 123
107 143
177 141
185 153
86 156
167 190
65 75
52 146
115 129
25 51
173 14
132 23
178 149
28 81
30 137
177 114
12 103
133 33
102 0
92 68
96 174
189 98
47 42
27 148
131 43
1 34
24 32
153 130
152 193
4 63
20 56
176 147
103 37
10 7
103 139
83 128
97 57
84 132
121 100
101 86
168 196
104 198
110 6
98 186
127 53
155 150
13 34
105 116
189 10
22 133
8 38
93 121
93 72
34 6
15 43
174 44
35 88
20 18
22 143
108 67
143 76
178 151
2 103
143 132
36 24
35 48
26 93
162 54
164 85
165 68
91 183
41 140
72 34
183 160
27 129
148 46
95 18
7 130
160 198
167 135
124 183
21 85
198 16
136 177
111 56
41 161
44 189
145 101
5 98
105 161
106 142
43 5
20 135
182 193
61 55
195 23
6 15
153 93
63 75
123 156
73 144
83 85
110 4
60 97
191 19
193 95
141 157
177 14
70 72
112 153
146 180
68 186
67 200
24 111
3 175
124 178
67 73
136 181
19 197
44 51
1 2
23 172
99 67
163 9
53 133
26 47
72 91
161 104
82 52
24 196
179 142
181 31
83 195
87 80
122 146
39 184
160 143
10 81
17 84
166 7
42 1
66 22
101 142
177 181
121 122
184 74
174 98
25 3
111 104
72 190
12 4
65 24
180 199
89 166
31 72
174 152
1 71
59 44
86 197
177 63
119 179
171 56
180 119
178 116
103 119
192 125
196 199
33 12
46 104
106 117
13 74
131 153
160 95
99 121
187 143
140 94
122 39
164 54
147 26
27 73
43 60
20 7
6 184
55 45
185 109
52 23
105 179
111 53
96 82
174 100
197 126
127 26
120 144
26 15
34 18
6 187
200 112
92 67
95 189
180 4
134 185
48 26
152 112
132 15
49 166
124 101
134 30
174 103
199 91
123 173
158 148
121 11
146 182
141 70
102 153
48 189
89 17
117 131
98 3
166 128
64 99
57 42
21 161
100 22
189 118
143 161
129 95
28 127
147 52
112 20
43 78
177 117
192 54
118 65
74 100
81 152
109 32
184 77
180 145
105 89
138 92
125 63
71 151
178 16
85 184
122 170
124 27
6 111
192 145
177 121
85 95
127 51
83 45
56 121
124 42
34 75
133 84
11 138
11 178
87 9
176 38
63 167
141 50
63 149
80 71
73 47
117 82
83 15
137 115
56 90
27 13
197 194
16 84
22 176
93 65
7 28
192 189
37 78
190 9
102 136
132 137
49 108
43 170
164 27
195 51
131 178
190 78
104 101
199 172
120 56
34 69
56 121
105 131
2 195
176 174
132 141
46 199
184 120
80 137
56 127
130 174
1 199
54 133
110 195
22 129
139 133
187 95
147 25
87 57
196 166
139 151
29 143
82 143
48 3
158 8
91 136
87 38
78 152
32 168
21 81
83 168
41 175
163 175
139 47
86 142
92 91
138 38
196 199
101 50
48 137
38 145
186 147
182 42
14 71
172 27
151 100
160 53
33 84
135 80
82 32
131 69
48 72
61 103
102 165
71 88
129 15
193 92
110 183
80 54
162 76
151 126
39 181
24 73
108 28
183 199
186 60
103 94
182 54
159 84
90 177
47 144
75 154
162 193
93 152
76 155
30 80
192 159
93 141
138 50
71 174
111 114
49 172
31 159
180 67
0 29
94 157
166 10
12 148
141 74
20 108
121 55
155 148
142 68
163 150
5 123
188 185
157 107
71 122
108 45
156 163
97 20
93 157
130 7
118 11
182 75
76 110
21 53
198 132
17 10
37 182
129 32
167 145
157 177
84 193
106 76
22 70
60 89
135 184
142 35
21 161
98 38
185 58
29 129
109 183
51 194
45 62
70 169
35 57
6 30
76 22
178 116
96 135
24 81
96 95
134 169
104 198
161 4
28 30
144 120
98 150
56 93
72 156
92 60
75 36
56 110
21 158
40 176
37 110
176 114
63 128
116 190
20 112
181 127
0 179
182 45
38 65
190 69
174 15
117 177
2 63
119 116
0 18
12 149
157 107
9 99
164 108
93 50
90 125
37 58
185 74
1 137
24 112
88 7
196 179
103 49
56 71
194 161
15 52
27 117
63 139
80 164
27 155
193 125
103 168
30 142
199 142
99 1
93 72
97 126
62 91
110 49
68 12
137 151
152 11
52 177
100 108
199 145
4 187
157 100
18 125
61 104
58 93
30 6
1 55
110 187
120 119
175 74
145 7
90 176
111 191
163 62
2 111
188 148
29 10
79 127
21 106
41 18
109 179
25 147
48 84
9 43
176 119
146 26
125 107
102 133
75 13
43 64
31 121
112 157
56 159
92 30
50 149
45 20
4 177
198 86
23 160
198 45
123 19
123 153
68 113
9 23
37 93
185 130
46 198
174 44
52 62
39 102
146 63
161 42
117 122
16 198
3 129
173 79
170 73
9 23
143 112
105 154
3 23
87 15
135 133
178 86
51 75
72 29
68 154
136 124
21 24
125 70
199 31
130 65
178 179
198 188
53 104
116 36
118 30
167 100
186 52
155 154
64 167
155 91
133 62
167 89
78 184
42 100
35 92
53 59
165 88
99 5
0 192
61 125
114 120
156 175
31 51
138 33
56 52
152 141
82 98
28 69
115 124
2 103
172 106
156 143
197 98
97 13
92 109
122 112
170 24
24 96
14 53
58 101
19 162
153 66
55 25
5 164
162 40
7 62
121 3
53 90
176 158
188 5
135 65
149 107
58 11
193 191
185 57
195 45
76 137
148 116
46 143
53 113
177 127
109 7
5 94
108 117
155 166
20 90
78 103
31 93
18 168
16 58
30 55
22 84
188 74
141 143
50 168
145 26
41 56
109 14
182 174
192 73
8 73
176 130
167 193
122 82
159 142
120 129
25 156
39 46
98 199
150 149
156 14
136 103
12 103
103 25
78 199
46 92
199 178
97 197
83 26
51 92
84 92
131 126
163 96
68 198
148 100
181 75
148 25
64 79
84 21
11 139
186 101
168 20
108 135
91 152
112 36
41 90
30 58
76 28
22 89
187 62
64 52
72 177
120 38
65 43
15 60
83 195
74 25
76 75
7 157
63 97
0 123
131 197
160 193
117 116
122 151
33 68
136 199
60 105
154 144
6 75
35 17
108 8
188 193
107 97
65 128
144 194
198 88
124 193
102 185
119 188
176 34
69 17
198 76
190 69
157 24
162 127
83 11
125 71
90 34
150 35
180 84
114 126
138 180
177 173
92 40
63 94
1 100
127 17
36 84
89 169
138 184
149 60
116 141
146 118
178 157
116 46
58 80
175 135
12 73
159 159
174 17
38 43
149 60
171 85
34 107
198 195
113 132
70 29
130 151
70 67
21 142
183 67
199 167
69 3
190 189
21 138
130 166
97 41
79 9
159 91
162 50
98 53
110 128
153 103
61 121
196 143
57 46
122 167
138 56
168 123
30 137
90 151
14 32
154 103
165 67
175 45
71 103
16 5
127 77
87 96
119 118
130 164
138 180
121 90
9 180
175 145
91 171
7 47
50 181
113 153
23 111
37 31
157 137
198 183
142 194
105 146
194 18
121 107
89 156
157 113
141 11
169 190
59 29
124 88
33 57
161 10
27 97
140 52
140 173
159 37
4 146
141 78
70 82
107 135
193 116
199 119
35 162
132 157
78 163
137 39
134 171
76 153
180 194
25 69
28 47
191 6
77 60
89 16
46 55
28 100
20 131
102 163
92 167
182 160
132 33
4 77
137 143
198 187
84 102
98 72
195 125
78 105
93 161
94 57
21 134
153 169
154 100
182 86
89 126
123 54
129 15
5 94
119 57
105 37
186 86
133 53
44 63
178 149
11 45
78 8
96 121
114 47
32 142
108 152
87 64
90 43
26 36
190 101
73 115
183 54
100 16
1 54
26 189
135 192
19 27
52 18
74 83
74 90
94 95
23 140
3 0
107 15
89 89
123 156
90 34
128 16
161 111
140 48
155 20
100 85
155 44
25 27
74 21
12 158
80 185
62 72
30 83
13 156
47 34
140 107
140 163
94 198
87 109
81 86
127 7
179 14
90 163
125 78
14 24
148 8
117 43
94 129
116 45
89 155
158 43
14 39
190 84
196 48
171 151
115 38
9 127
162 70
174 159
40 68
91 94
57 113
158 132
175 5
193 34
124 5
196 30
179 34
78 170
13 70
71 93
20 24
70 55
38 195
59 76
59 0
119 125
83 66
62 49
67 60
136 2
134 65
156 124
63 37
153 141
128 68
60 19
136 142
80 119
67 7
52 179
83 124
30 169
16 139
159 33
125 196
95 110
171 95
162 197
71 37
168 115
70 84
33 42
180 96
121 70
129 112
3 40
51 12
56 34
122 141
178 128
17 192
113 194
87 54
71 188
1 191
200 176
124 41
80 134
8 98
37 191
191 123
196 162
94 39
27 89
49 122
126 182
109 181
127 150
156 31
116 198
129 8
114 173
25 71
194 151
65 172
123 128
123 94
125 40
85 69
45 149
43 82
66 159
129 96
188 11
181 64
78 19
108 73
27 154
181 42
20 31
165 138
61 4
18 194
93 124
102 157
162 100
167 43
186 158
21 163
82 151
32 31
13 84
73 58
70 55
90 37
41 163
113 14
115 83
167 77
147 116
65 105
58 105
79 114
125 66
66 39
95 73
66 68
52 44
120 162
61 137
64 165
152 41
40 134
70 147
7 8
97 70
46 149
22 60
1 162
177 91
39 164
66 165
137 82
23 110
150 87
128 0
95 10
65 154
125 93
179 79
100 39
80 22
146 21
23 130
18 18
61 125
137 150
10 59
197 52
164 22
44 157
38 100
131 54
79 153
136 81
106 10
199 71
84 179
1 47
64 43
143 128
75 36
98 99
147 165
76 107
153 19
54 108
76 117
116 35
139 181
189 74
139 91
31 194
49 158
123 44
47 67
110 130
23 169
112 65
4 6
172 145
123 57
42 34
80 20
12 0
97 99
118 180
105 86
200 176
146 179
197 88
184 33
63 134
137 149
58 185
100 34
195 57
111 142
198 184
43 104
139 169
60 165
48 78
151 130
109 32
199 136
58 88
137 71
182 144
191 76
166 56
37 177
18 127
97 194
138 152
3 41
103 103
58 4
116 160
44 126
184 78
22 171
27 181
38 120
150 84
120 17
61 4
89 101
33 30
158 75
171 130
67 119
82 77
175 80
8 174
156 50
175 9
56 188
113 196
82 57
191 199
181 25
48 126
99 136
160 192
60 131
163 70
66 101
191 43
26 0
56 194
31 105
106 129
62 139
18 132
112 66
98 5
129 195
177 35
135 164
163 26
62 9
160 90
49 11
45 152
5 178
108 195
186 40
151 80
114 72
114 43
49 61
25 143
131 179
155 69
85 179
53 59
97 68
152 7
123 63
116 163
32 164
48 181
102 191
136 170
148 22
150 195
186 82
124 46
10 95
56 26
177 62
77 57
138 159
20 59
18 135
129 127
27 66
152 145
58 69
38 24
188 38
111 184
129 9
200 75
172 180
41 162
167 174
71 31
19 153
90 37
152 58
57 193
93 109
140 178
164 60
182 106
195 31
184 119
183 197
182 56
142 20
77 126
92 194
129 99
167 2
178 102
4 39
89 44
100 181
60 45
173 68
142 115
31 86
51 165
64 110
127 47
87 70
42 119
180 150
34 111
140 193
155 148
189 37
2 15
177 170
186 169
94 152
52 153
2 62
71 127
64 88
199 34
129 13
32 175
27 3
54 88
115 103
163 88
18 100
193 66
109 85
156 192
115 52
186 192
137 126
82 2
67 66
8 153
180 85
55 48
151 158
48 70
107 121
50 150
172 73
110 119
53 95
102 187
178 92
9 106
97 136
49 100
51 31
41 197
138 157
149 70
51 136
150 187
67 14
29 19
150 109
52 43
200 127
77 37
123 121
7 150
106 152
159 163
169 84
157 75
77 161
169 98
180 85
158 82
39 183
67 85
86 31
126 102
189 67
42 146
62 41
113 137
119 49
148 11
184 194
53 128
103 77
2 70
53 132
23 110
112 88
87 90
68 142
57 77
27 0
144 95
190 111
154 165
6 124
83 98
61 182
84 17
183 160
85 96
82 187
104 67
127 100
199 70
0 22
192 113
134 85
190 33
163 49
178 190
60 167
11 2
41 136
135 80
141 110
112 171
67 108
84 84
151 35
2 6
4 87
53 151
72 164
12 41
94 103
165 67
47 187
142 67
179 71
93 36
74 98
57 51
45 119
120 176
191 197
114 92
165 33
109 163
130 40
114 134
45 132
194 75
44 178
181 108
33 14
96 143
2 107
94 134
111 152
131 2
133 45
27 81
71 167
12 2
188 173
144 52
12 183
1 98
153 7
118 90
124 141
81 176
79 1
154 113
35 96
115 149
13 67
109 52
155 131
129 27
135 172
9 135
74 146
45 170
51 18
141 155
126 13
44 43
99 119
34 191
109 90
104 14
36 98
10 46
99 179
41 94
90 174
13 145
154 39
5 48
192 34
139 107
59 41
168 119
141 79
192 197
132 156
46 144
178 158
88 149
145 109
96 120
144 198
116 7
9 186
169 139
72 4
133 104
47 141
156 7
117 30
66 64
63 184
177 93
173 140
68 105
172 81
199 95
25 134
197 72
130 2
47 98
124 109
200 35
79 150
38 6
2 88
45 198
15 179
114 114
30 31
29 167
170 170
147 86
113 179
89 192
162 186
23 195
48 197
104 77
151 14
122 92
141 7
14 40
140 195
153 43
105 70
60 178
37 111
146 84
30 20
1 175
112 123
128 1
138 14
39 11
163 61
37 126
152 114
119 23
39 168
179 184
95 199
93 13
183 67
196 104
62 6
102 24
159 38
193 158
92 185
107 29
199 78
124 103
65 152
14 81
124 109
6 18
182 86
115 184
154 61
81 126
10 173
144 8
83 144
84 103
25 61
164 199
66 68
88 91
125 104
56 45
42 37
64 122
115 37
156 11
85 79
53 117
94 63
174 192
168 54
83 68
61 194
4 114
11 148
149 11
70 197
45 91
134 147
58 180
102 73
119 180
92 120
113 60
164 11
86 75
75 43
163 145
145 146
32 113
137 151
143 37
44 132
190 74
108 2
81 132
15 53
149 151
122 53
122 174
192 106
81 170
103 79
4 150
90 25
136 69
24 130
184 59
8 199
185 97
24 172
97 155
117 45
5 52
50 135
177 152
70 4
88 172
141 92
13 85
116 192
58 150
102 121
92 131
179 45
196 139
177 118
173 155
133 122
61 159
137 192
179 10
125 186
74 67
125 149
9 78
48 77
179 73
154 195
185 145
127 3
159 17
11 184
119 127
48 4
128 144
197 72
94 69
45 193
55 190
116 51
118 39
24 183
60 165
20 40
70 109
157 137
185 60
16 194
151 111
29 69
9 49
59 113
157 178
20 78
86 7
103 102
12 7
109 183
83 69
95 59
19 57
15 164
185 59
14 100
33 129
155 65
6 129
23 174
103 106
54 81
3 46
78 96
18 85
86 116
152 172
82 100
15 153
49 88
57 99
157 0
99 115
108 92
11 61
36 183
95 91
76 103
89 61
8 68
140 23
94 156
22 31
193 88
47 80
173 45
36 164
171 142
15 185
182 0
12 75
25 15
166 23
10 134
60 118
120 187
179 99
135 60
154 69
144 32
42 60
189 167
20 151
172 30
25 182
155 187
29 42
5 191
39 5
131 141
97 199
79 117
63 63
89 31
127 151
155 97
3 107
20 197
72 14
14 111
49 76
140 97
158 55
83 160
83 197
37 193
70 126
5 165
28 165
185 59
114 104
107 25
102 51
151 21
135 26
189 104
81 81
29 105
101 78
40 80
18 75
33 78
149 167
194 189
160 113
60 7
15 96
46 90
41 146
169 78
135 79
120 70
158 77
129 30
168 200
5 80
44 66
96 180
46 73
72 170
86 118
104 173
74 98
43 147
100 10
119 52
126 48
176 61
155 186
14 14
70 131
70 108
127 140
52 48
165 108
188 48
3 18
69 131
64 97
128 63
109 8
123 198
42 51
173 43
49 152
116 7
168 26
198 161
24 184
154 42
109 7
117 80
47 96
125 44
102 170
162 105
132 151
182 8
19 85
59 197
65 129
29 50
179 148
5 120
46 0
198 4
27 59
63 24
113 35
63 1
52 70
115 88
89 34
178 21
115 38
83 52
87 112
144 125
97 91
66 48
80 83
127 4
110 127
4 94
76 23
153 184
120 9
192 18
168 63
50 127
32 94
11 114
36 187
127 68
70 122
116 85
143 192
34 48
3 80
48 196
9 117
83 151
111 174
110 81
182 16
183 127
38 40
3 12
143 140
94 153
164 18
139 123
200 132
199 94
99 77
69 30
33 97
123 79
78 22
34 139
95 6
160 86
136 72
129 194
179 120
194 142
64 155
37 126
196 113
145 3
163 28
105 182
58 175
190 144
166 78
77 187
51 199
12 16
172 16
106 117
152 137
178 59
132 129
11 100
45 116
12 32
57 184
198 188
22 20
133 107
11 73
195 70
183 195
7 31
28 135
4 148
175 3
171 48
114 10
14 84
164 108
92 60
169 99
171 47
146 40
112 36
109 70
101 81
193 189
101 28
117 161
53 150
46 99
31 166
142 38
154 100
184 120
180 15
185 140
39 110
38 117
166 197
111 45
73 120
26 109
169 14
53 174
38 46
99 85
193 59
8 77
172 127
27 165
73 52
86 21
129 83
183 18
130 70
187 157
164 106
109 113
67 97
46 87
71 179
82 93
7 71
82 7
65 28
6 61
40 0
28 158
119 98
111 70
99 82
55 181
170 49
34 127
59 185
5 63
94 170
135 100
163 104
107 144
132 137
195 176
120 85
106 195
139 72
29 37
109 154
38 7
87 188
152 140
186 176
164 116
111 45
158 61
182 29
159 123
167 147
90 32
85 197
119 9
4 85
80 145
71 107
54 96
124 158
56 191
103 9
60 53
13 119
7 85
116 92
175 80
186 2
3 106
186 78
48 187
158 72
19 31
162 38
144 169
78 96
134 136
136 90
70 168
35 194
126 107
108 129
141 24
87 120
176 33
191 75
48 139
108 119
46 177
149 91
134 164
197 88
64 64
18 4
41 67
113 22
130 88
130 34
49 45
55 6
142 195
25 32
139 6
64 101
40 66
132 12
146 195
66 137
40 196
177 124
40 2
188 129
195 149
42 152
166 128
29 199
144 88
180 13
37 47
183 198
47 126
48 183
36 59
99 132
177 98
179 30
65 17
4 138
161 148
12 194
34 56
151 17
54 87
102 131
12 26
127 87
161 87
38 147
44 195
86 78
99 99
119 198
122 196
145 12
41 39
104 195
98 8
180 155
102 116
110 173
5 129
112 129
18 115
95 138
17 115
123 200
95 29
131 111
17 149
32 158
17 194
174 38
45 107
119 185
154 196
120 6
28 120
152 55
199 39
134 47
133 167
168 183
59 171
37 128
94 31
88 45
35 37
85 22
55 73
189 26
175 72
26 200
148 144
156 193
161 145
75 123
112 50
146 42
172 58
130 96
145 98
7 44
184 163
185 75
151 152
156 110
4 92
110 60
127 40
23 44
26 81
127 156
80 138
23 79
163 82
61 103
56 77
129 75
49 47
151 131
169 133
22 64
146 68
166 98
154 72
68 143
192 200
143 160
166 55
50 42
17 51
200 123
76 45
76 48
167 32
97 175
141 145
154 184
111 92
140 13
15 100
146 105
74 2
33 61
155 1
154 85
166 33
36 124
64 103
178 93
181 171
149 101
129 45
179 61
172 22
105 99
140 86
199 153
32 99
10 135
87 187
45 55
14 46
156 69
38 13
20 103
63 23
55 165
194 191
171 138
16 179
85 192
93 39
179 85
52 117
115 31
48 106
196 96
200 122
140 126
156 81
103 22
16 87
183 183
133 6
28 100
21 18
28 165
2 87
192 169
82 150
72 200
9 138
131 59
166 25
102 117
19 38
93 4
149 75
44 75
178 186
25 57
18 64
126 101
14 170
61 198
126 30
135 189
94 89
49 153
104 26
153 70
26 38
26 64
27 119
14 82
200 199
26 16
9 132
22 153
130 47
86 183
160 86
69 71
105 66
187 81
68 127
111 63
82 37
5 198
164 186
6 198
79 17
56 17
170 111
115 52
181 68
18 122
25 111
54 46
101 27
53 79
8 112
93 140
78 160
11 17
119 184
169 196
167 180
188 24
150 193
71 111
6 164
99 99
117 160
133 46
31 150
191 142
64 8
33 105
79 135
172 131
54 154
139 87
115 35
177 106
50 165
194 185
13 11
121 111
64 51
131 11
128 0
197 6
181 145
46 119
103 170
143 146
82 180
78 127
75 166
31 71
96 120
45 142
177 54
114 170
7 60
109 28
21 106
76 85
68 153
58 61
32 93
64 16
196 9
14 28
83 45
17 73
86 86
26 159
17 70
110 105
158 27
148 26
74 136
35 149
133 30
44 35
167 27
94 35
9 96
100 37
137 157
44 26
110 195
50 163
39 120
12 45
193 187
125 151
148 44
34 50
64 88
138 50
148 102
183 64
199 90
11 33
74 175
105 19
70 170
199 161
26 20
109 105
3 110
166 171
29 137
39 150
68 195
192 190
99 161
100 159
34 0
139 35
130 194
127 2
67 125
147 126
109 8
113 45
196 153
158 64
51 162
11 164
83 86
90 114
69 66
65 136
166 147
178 10
116 2
67 161
143 16
5 17
133 131
12 27
19 83
104 179
82 166
183 32
28 33
129 17
64 60
99 78
98 145
152 187
55 44
154 38
83 1
63 126
186 90
74 83
132 81
4 169
186 62
185 4
80 32
190 48
136 58
136 118
133 88
182 150
127 170
27 102
3 22
164 165
104 119
72 112
66 32
64 111
163 143
53 9
182 70
200 166
127 96
112 106
194 37
134 188
33 32
188 90
186 35
71 53
34 78
77 83
58 6
77 164
71 56
82 107
183 175
164 3
68 148
143 163
86 92
42 109
127 79
161 1
57 188
156 89
47 189
197 13
200 64
169 86
87 191
75 155
97 185
66 23
72 185
44 64
70 48
52 145
122 148
114 90
117 4
21 62
5 82
25 42
122 120
11 71
183 78
25 145
9 128
190 127
108 101
148 118
188 160
111 70
159 30
29 125
196 163
115 96
125 23
160 95
119 41
177 105
7 156
114 109
114 2
198 180
98 37
43 129
101 94
48 96
111 51
28 69
181 129
154 107
98 4
174 53
162 76
149 14
96 88
98 149
149 138
43 149
144 161
51 51
162 16
173 95
127 4
170 2
64 113
142 63
59 153
2 49
104 186
78 186
141 52
176 138
113 117
2 7
178 145
36 136
128 72
183 135
182 9
193 116
135 34
61 164
70 186
35 59
109 41
95 111
120 175
109 169
129 69
89 10
33 91
98 140
50 110
82 0
20 171
105 144
173 45
15 171
29 94
74 161
37 23
64 82
164 75
22 174
158 168
100 124
19 154
38 64
190 143
194 171
124 70
37 7
98 123
137 132
105 133
12 106
34 78
26 72
138 187
144 148
122 169
123 11
97 45
110 47
85 78
62 57
176 48
136 73
54 50
195 78
46 160
197 144
176 64
48 55
121 14
110 54
184 141
21 22
176 93
174 8
134 49
54 96
161 93
108 19
99 0
111 1
2 42
145 38
178 153
160 104
1 11
200 15
85 156
129 25
198 14
154 81
165 25
98 195
162 34
96 56
156 102
110 21
70 0
97 37
143 151
39 22
59 127
148 192
186 68
23 89
147 198
154 177
94 110
118 177
27 36
40 162
142 20
87 125
171 157
51 58
193 6
139 21
136 9
123 118
177 101
39 22
167 189
134 37
58 159
77 194
197 150
41 57
10 153
198 72
154 17
118 38
91 80
17 182
104 162
148 139
62 37
67 133
68 56
186 8
6 176
165 54
40 121
79 90
90 141
73 63
35 153
75 41
74 146
163 63
64 69
125 193
97 86
135 71
10 46
134 1
30 0
190 10
172 52
166 107
0 64
70 58
174 76
76 35
163 153
80 21
85 120
101 180
180 93
0 105
65 53
81 84
97 63
8 93
154 56
92 89
60 153
152 110
147 128
167 101
200 20
138 43
88 183
164 153
56 166
71 107
150 142
29 63
5 74
44 128
147 58
188 162
55 186
159 17
108 57
172 73
70 189
7 84
184 50
8 169
100 19
165 87
193 110
103 164
144 82
150 137
44 182
22 82
70 127
99 104
129 27
200 99
87 60
83 155
56 1
195 177
55 108
170 136
93 26
66 89
26 134
51 182
195 94
60 9
123 12
19 6
25 177
45 105
43 62
110 57
112 88
187 163
25 79
48 91
188 44
88 153
141 126
132 96
187 10
175 12
195 86
151 82
161 22
151 191
26 111
86 67
128 116
140 90
127 139
130 16
102 63
65 12
43 134
153 154
200 110
23 160
48 196
102 107
110 19
67 187
36 96
65 128
179 150
6 90
196 21
40 98
124 137
30 189
14 185
86 114
0 98
130 16
77 118
194 116
120 137
172 139
67 33
28 101
115 193
22 172
115 33
12 170
6 9
118 188
170 9
111 61
39 92
142 0
65 153
40 45
184 81
197 70
110 188
54 121
59 90
148 19
120 161
182 85
24 84
102 182
42 98
143 69
77 90
107 97
190 169
35 74
156 153
38 88
120 24
131 53
3 195
70 34
106 67
163 172
189 199
200 157
92 183
40 124
143 143
93 37
34 189
26 26
30 16
147 149
155 146
33 7
179 135
143 86
146 161
85 130
129 86
192 164
191 162
100 41
136 115
99 99
125 50
105 172
128 19
28 8
200 138
156 179
180 124
92 77
160 173
196 114
46 10
4 23
42 116
55 157
176 157
136 2
33 193
14 125
140 198
116 28
10 153
157 9
103 15
161 15
64 186
0 91
113 159
182 190
94 117
189 56
114 127
8 12
101 24
166 74
4 163
32 101
120 125
103 186
199 46
172 127
9 7
179 154
53 36
14 99
97 146
110 51
101 31
113 42
29 118
178 42
110 32
90 16
11 173
50 2
116 79
116 157
124 39
97 140
179 185
79 83
74 71
75 109
188 157
43 135
11 47
20 104
124 96
23 162
58 170
127 47
36 56
33 113
155 125
191 199
189 69
135 119
9 185
173 167
96 120
127 22
91 169
92 94
67 46
153 192
20 91
43 25
37 177
137 138
53 151
16 190
104 23
170 52
58 42
39 114
92 143
5 17
32 33
159 81
96 37
15 60
9 73
158 32
195 82
127 81
120 28
193 174
7 189
199 14
135 168
124 187
71 139
146 106
103 151
188 3
153 167
5 165
183 110
105 194
78 0
177 122
50 57
189 144
97 14
88 42
55 85
143 66
109 74
134 98
59 147
34 148
104 151
86 195
86 86
144 50
157 42
149 19
34 183
117 200
167 192
178 70
28 68
154 107
153 175
50 33
102 136
90 137
147 120
138 32
18 83
53 63
92 40
122 149
91 55
107 162
130 122
131 192
129 48
148 13
0 153
114 181
173 198
26 38
17 159
61 40
156 63
183 28
147 11
98 79
122 177
15 26
10 144
25 52
49 129
80 67
178 165
87 16
39 186
34 98
172 166
14 47
50 144
171 61
191 88
68 84
35 55
57 110
196 40
165 158
40 131
180 90
80 22
38 37
136 104
67 92
9 170
111 25
50 99
57 178
192 18
37 155
138 89
65 9
40 105
135 132
173 17
146 169
45 113
63 132
121 101
3 133
107 5
6 142
102 20
121 75
107 159
105 35
53 88
116 53
186 41
110 65
140 88
92 160
128 96
22 66
195 155
90 160
7 172
12 109
197 26
163 8
6 128
123 173
187 90
144 161
116 175
151 3
186 101
120 67
32 10
164 107
136 157
2 52
111 5
51 102
138 53
49 157
177 111
176 155
96 76
183 29
174 22
106 72
195 12
144 10
177 176
167 58
133 119
144 6
174 180
90 163
55 170
97 118
68 148
124 130
158 39
31 134
116 70
192 31
45 74
80 117
2 4
192 85
123 1
136 175
55 115
87 188
111 164
20 46
160 56
23 77
135 153
198 186
80 76
191 183
194 101
14 158
129 20
108 161
174 28
152 6
165 58
1 140
130 150
69 65
129 191
26 74
168 166
38 48
145 98
44 48
86 154
96 78
166 143
96 125
43 113
158 73
74 161
25 131
25 163
155 98
160 200
124 131
10 153
130 130
199 175
84 40
50 161
70 193
71 1
113 15
74 22
192 70
57 29
92 13
168 53
42 22
141 76
190 55
63 25
200 27
128 180
121 147
190 9
46 32
176 67
185 32
104 154
18 172
199 141
173 15
180 14
63 129
74 6
188 85
76 18
162 140
104 31
3 126
196 37
56 137
186 77
28 84
175 161
161 66
140 53
17 135
173 46
184 133
116 197
77 109
62 90
4 127
181 93
132 144
133 169
142 91
48 104
141 181
4 14
34 40
17 195
173 24
140 165
183 84
85 59
117 49
17 43
76 46
182 5
54 143
164 147
95 198
138 61
9 40
5 199
11 120
147 64
8 180
116 113
97 161
103 194
199 163
4 18
126 97
71 91
78 63
72 50
76 47
172 151
185 74
99 167
188 15
197 113
53 96
158 111
13 123
133 109
200 9
147 142
50 52
57 184
76 105
94 60
164 140
28 178
98 57
36 45
153 122
160 136
120 38
81 165
175 111
110 138
144 87
64 153
200 195
157 187
161 62
7 112
48 171
19 75
159 129
182 93
48 136
151 166
163 119
185 110
114 33
181 104
21 29
32 151
133 61
68 70
199 45
150 186
110 197
156 154
82 137
107 122
80 13
113 24
16 57
13 69
32 147
187 200
30 184
86 58
43 126
101 103
88 47
9 142
134 110
119 122
24 22
60 110
19 67
105 91
107 48
126 129
78 138
119 169
186 101
82 38
85 21
179 173
22 55
106 135
173 72
120 26
44 9
75 44
69 50
136 12
169 111
174 175
132 199
68 11
41 153
160 196
141 92
161 38
80 118
191 142
27 73
20 137
107 2
145 73
104 151
56 17
194 171
70 19
94 129
19 147
77 147
64 33
81 92
122 163
144 123
90 126
195 129
116 117
172 175
42 183
107 75
142 42
98 147
66 4
190 74
159 23
56 150
79 43
102 70
173 191
90 131
113 196
54 105
27 197
102 101
44 187
2 59
187 16
181 79
199 150
122 57
194 199
76 152
194 73
144 11
45 189
186 124
171 158
175 157
39 50
125 81
151 4
77 129
64 102
136 140
1 100
130 65
144 154
130 139
10 152
147 159
1 88
136 131
69 180
157 39
62 184
107 84
183 140
8 147
140 154
139 86
124 37
86 59
82 173
178 19
49 48
11 94
192 155
70 169
189 151
63 98
124 109
86 169
39 186
94 123
127 57
118 51
122 154
83 24
139 80
73 172
192 7
141 29
78 9
175 56
69 174
110 50
12 49
49 163
60 167
37 120
95 18
195 155
1 144
120 154
14 2
103 26
48 10
32 33
27 183
175 24
185 189
173 68
134 127
102 165
178 182
77 55
139 150
79 29
54 135
133 182
184 51
21 79
28 84
1 152
131 4
26 170
119 143
109 47
176 146
183 72
76 170
161 97
136 182
73 54
165 98
65 133
36 64
78 97
57 113
86 79
159 21
193 5
138 40
147 110
0 89
180 79
189 48
145 38
125 165
117 93
47 165
89 21
168 174
7 127
18 82
2 179
63 179
25 115
22 170
5 30
25 142
91 183
100 72
78 59
189 136
31 61
65 153
58 102
48 93
98 159
19 13
185 94
9 63
35 193
95 68
86 97
25 105
64 14
12 162
37 182
106 123
152 112
86 16
126 109
78 145
89 97
129 168
100 172
9 199
18 123
43 84
113 124
152 141
104 27
118 191
22 194
11 35
158 77
37 171
78 172
115 72
5 150
14 9
142 63
36 144
73 139
101 176
15 117
3 131
31 126
178 147
26 171
162 142
74 95
22 188
112 144
92 81
42 26
180 138
128 165
22 144
42 115
28 40
9 5
63 188
110 189
138 138
56 187
28 127
125 151
0 146
35 160
169 166
38 126
131 186
114 49
101 4
198 47
45 45
110 124
131 102
193 2
175 58
187 126
98 125
144 6
0 48
55 56
177 47
30 25
176 195
148 196
129 102
122 170
33 104
157 144
52 154
137 65
35 186
155 71
106 104
87 30
169 188
131 48
35 33
21 170
0 58
150 13
169 114
155 145
84 83
137 188
44 52
192 37
132 91
1 179
4 35
45 141
155 176
82 133
21 196
5 14
36 122
45 177
0 141
71 153
181 133
117 73
172 199
185 115
148 24
129 51
131 52
129 166
114 26
55 23
123 115
72 66
166 78
80 6
11 97
112 26
117 172
173 49
147 154
141 1
38 103
153 49
138 156
26 72
148 102
61 60
106 134
172 65
25 2
196 175
111 104
172 21
28 19
115 27
78 165
108 9
98 53
63 53
178 33
92 135
76 38
126 102
174 83
18 71
7 118
142 54
36 79
48 28
44 66
2 127
35 196
140 159
197 82
41 12
23 193
114 185
132 66
53 69
126 137
47 140
172 93
176 38
123 104
193 13
172 36
187 50
1 44
157 16
152 162
55 99
189 138
155 180
77 61
101 169
15 166
6 20
103 28
85 72
30 120
177 134
174 58
140 167
142 81
125 36
151 91
65 146
13 85
16 182
190 190
155 94
174 41
9 120
95 43
130 126
171 187
54 50
5 42
187 46
106 134
85 129
90 16
8 114
151 78
141 196
189 52
109 87
90 96
43 197
43 20
96 174
2 181
117 58
177 43
21 193
125 100
102 18
154 163
130 47
53 103
185 46
94 178
108 195
88 157
55 134
85 79
145 86
111 197
26 17
200 154
32 17
56 150
130 139
38 17
30 199
89 59
144 51
60 103
180 89
182 137
56 198
109 3
45 169
32 61
197 33
5 174
102 73
59 169
84 185
101 148
46 180
119 102
98 73
168 87
60 186
46 7
145 145
143 130
36 89
106 64
43 158
162 34
17 75
143 171
141 82
94 200
90 108
176 183
198 21
158 172
196 134
157 48
181 158
77 144
191 5
2 138
139 133
101 105
77 182
96 168
133 143
190 3
193 141
61 100
141 149
133 18
192 41
110 76
58 16
10 163
50 90
84 129
137 66
80 108
115 143
130 200
189 10
159 181
92 152
122 40
96 128
76 31
151 102
136 180
91 134
81 142
146 113
171 106
190 27
21 185
104 63
198 112
119 19
105 29
27 27
121 128
87 88
136 12
130 140
101 16
195 195
96 38
111 29
69 164
60 51
198 49
154 148
7 173
36 27
23 2
86 24
108 41
134 21
186 66
99 81
106 119
118 156
148 149
58 36
146 97
174 51
4 85
151 169
144 60
166 79
68 93
47 57
27 22
64 88
153 122
132 50
2 90
35 120
190 117
42 169
139 138
88 9
200 92
182 190
191 63
73 53
1 30
33 116
186 112
112 37
135 143
7 161
20 18
168 147
69 145
5 14
112 190
125 147
48 148
70 96
95 190
117 117
187 107
150 193
118 20
152 97
102 84
28 22
80 36
34 197
11 159
19 8
154 107
60 102
69 146
165 27
117 186
143 12
31 147
192 69
158 81
51 6
186 98
76 101
164 88
109 16
68 172
76 66
14 34
96 158
81 191
135 34
125 77
112 110
3 47
179 119
155 63
169 147
28 84
144 112
23 116
42 7
200 181
35 109
162 169
116 154
9 86
9 83
1 163
166 1
63 120
182 161
119 142
130 61
155 46
84 46
100 95
9 71
154 177
90 57
170 170
53 45
62 76
133 36
18 172
134 168
21 105
115 31
137 44
38 123
3 91
128 9
65 6
94 3
113 190
11 81
58 150
8 51
21 124
92 82
67 123
162 67
163 118
42 108
21 29
78 114
162 114
184 77
67 42
174 123
171 35
43 76
112 126
148 5
53 200
179 3
41 89
99 35
16 196
149 100
97 197
198 124
101 113
46 166
100 123
199 101
95 57
95 97
158 141
72 34
142 119
39 167
82 144
111 31
122 196
75 23
166 28
7 154
166 75
117 50
59 119
76 141
15 181
5 18
77 76
150 179
32 126
148 125
104 106
59 95
19 122
86 7
24 164
48 47
36 143
4 76
129 182
8 77
22 60
126 110
67 176
142 198
15 68
174 177
34 80
54 113
156 140
162 41
24 181
4 107
57 44
180 38
113 137
187 195
137 95
110 115
126 192
67 106
32 128
60 65
104 0
100 124
70 157
170 78
124 144
88 73
8 36
116 175
146 50
98 93
3 198
141 99
166 8
51 167
7 99
135 80
173 151
3 68
101 29
9 67
1 134
73 119
138 89
153 123
142 156
129 166
78 10
175 177
116 135
44 100
102 55
98 51
173 93
90 167
190 167
74 21
49 18
116 192
111 117
40 191
175 185
136 38
180 166
11 128
51 59
53 109
75 70
192 80
173 74
111 98
141 75
87 139
164 24
147 185
56 61
79 64
161 23
117 72
192 158
16 64
179 19
171 105
193 82
14 196
11 163
80 101
168 116
146 34
92 158
43 170
57 167
198 179
154 147
180 30
119 90
132 94
39 169
64 167
62 71
36 71
68 156
134 124
72 125
150 71
71 113
40 88
72 195
11 98
52 176
79 88
34 157
22 67
181 137
64 46
181 101
60 181
36 41
198 149
20 13
23 120
190 151
163 134
188 151
108 165
154 164
192 167
191 171
178 137
198 152
139 170
183 145
66 137
88 54
74 104
75 2
148 51
181 125
112 41
150 81
150 190
87 16
92 100
13 101
95 79
16 34
116 109
136 69
36 67
177 75
16 174
55 149
183 133
44 99
7 2
35 117
141 3
87 54
18 141
129 4
136 155
84 122
36 187
158 180
191 70
181 180
95 146
69 113
146 169
50 26
193 30
56 185
71 127
15 97
76 177
110 147
43 5
15 67
62 97
121 136
128 133
145 150
59 100
21 151
21 51
56 192
125 163
59 61
168 63
197 66
106 28
93 18
150 55
109 44
187 53
196 77
190 107
105 148
131 71
99 173
67 149
104 20
178 160
110 175
98 118
28 104
175 18
174 88
13 98
197 149
43 99
176 102
25 141
156 148
33 118
44 14
118 36
34 126
113 163
60 62
182 165
141 147
171 0
94 66
194 1
56 98
10 166
197 49
165 53
155 48
18 102
28 133
198 73
185 182
145 66
41 130
186 51
195 36
106 127
10 38
46 184
65 200
144 123
100 117
83 8
42 183
200 102
40 167
66 123
27 130
178 77
2 92
103 122
147 189
180 152
89 182
50 6
112 37
25 26
129 185
131 57
60 0
144 67
127 188
123 61
7 80
59 47
64 112
114 38
180 123
65 159
97 29
179 80
160 28
121 9
11 21
161 193
86 33
72 104
56 120
41 117
40 6
169 172
23 24
128 33
77 100
200 166
67 174
68 141
179 194
173 118
60 84
189 54
171 7
11 134
164 56
142 28
139 154
45 70
67 168
80 4
165 174
148 132
146 9
99 125
22 71
56 107
114 181
200 188
182 166
168 72
114 73
162 29
185 65
99 185
128 174
39 0
69 39
84 153
76 189
10 172
22 179
175 50
28 160
171 49
197 72
76 29
34 147
47 163
93 127
84 132
60 76
95 183
157 6
78 122
23 198
17 27
111 134
5 135
61 29
39 156
51 31
199 171
3 114
96 131
117 169
93 76
58 165
114 136
157 55
101 10
35 15
175 53
178 182
30 153
29 37
11 170
135 142
48 125
110 131
172 126
93 191
77 121
45 192
49 108
189 172
103 118
157 173
13 105
85 63
84 39
124 183
53 191
169 183
26 185
55 73
2 38
34 88
166 200
143 70
54 165
87 149
171 193
72 154
59 163
44 29
176 163
173 55
50 86
56 17
102 188
63 111
14 64
61 55
26 16
141 91
4 130
123 178
60 148
46 3
192 127
133 46
188 194
40 136
144 37
159 67
58 144
136 7
198 104
72 92
157 103
133 200
105 112
1 56
1 68
196 22
173 140
142 66
39 34
173 63
134 58
199 47
138 26
174 174
129 34
186 138
59 57
178 153
13 1
160 125
148 165
173 103
158 51
150 9
122 8
197 35
183 50
34 118
196 171
45 171
35 116
131 178
65 176
105 34
34 1
163 57
43 33
24 76
52 155
72 196
192 81
57 189
37 191
73 54
82 169
10 20
9 197
191 157
106 139
101 56
190 47
129 106
136 122
151 131
2 24
109 32
57 152
136 129
63 84
107 151
160 53
102 25
106 50
94 56
134 74
160 195
171 13
188 181
118 148
105 106
200 102
83 83
53 112
86 145
193 135
75 29
71 167
155 125
121 113
68 52
132 149
197 97
139 14
171 123
84 153
32 195
125 2
164 148
34 7
157 12
68 9
8 141
62 18
48 154
54 54
83 192
73 167
128 191
148 145
31 92
184 55
57 177
164 80
68 176
62 51
66 159
12 99
105 148
61 90
156 86
109 27
192 65
57 56
47 104
30 199
160 15
50 194
78 85
80 36
119 30
157 17
106 148
63 156
178 159
196 142
136 178
53 79
94 61
24 186
151 111
32 157
183 14
101 127
96 88
62 28
87 181
120 154
13 166
188 63
42 62
118 4
67 79
102 175
149 179
169 119
114 16
134 135
61 152
178 6
128 136
105 139
144 46
37 5
78 142
56 77
55 32
198 67
25 34
13 49
199 92
137 196
117 5
43 141
70 188
45 15
106 161
173 17
72 110
100 158
184 137
18 62
152 19
4 173
197 155
72 26
156 174
188 169
65 171
182 190
169 0
118 185
86 145
139 148
98 81
184 99
85 107
98 120
177 106
182 42
150 66
8 163
109 23
120 81
178 33
91 186
22 21
38 196
131 179
198 44
140 80
181 9