200
24 187
2 0
143 190
104 195
22 182
101 99
128 80
82 64
112 9
134 130
166 114
128 79
76 183
19 192
8 104
23 60
136 80
39 115
166 78
32 200
7 159
12 159
77 31
154 55
187 92
173 136
173 142
40 65
107 178
148 181
158 124
154 133
86 51
143 161
48 16
161 113
10 167
147 109
52 35
2 199
142 140
171 147
157 20
196 134
119 22
90 174
106 108
92 30
51 68
73 149
149 100
12 13
179 127
36 87
145 184
154 82
179 105
136 139
160 102
189 81
116 19
38 101
142 166
122 16
30 75
197 174
95 164
11 56
188 76
106 66
90 167
140 175
72 64
148 121
196 141
113 65
61 171
100 88
73 162
78 111
108 131
140 55
79 52
127 103
48 40
149 171
109 109
169 152
188 153
80 0
141 107
72 139
161 172
143 1
84 18
132 25
41 87
19 180
65 31
54 136
79 148
55 39
126 142
28 17
55 110
59 64
106 182
62 9
3 66
103 72
43 29
106 43
40 160
63 58
88 109
146 159
140 43
183 74
43 97
59 103
13 128
46 193
168 180
7 122
44 108
118 18
55 53
196 142
74 4
52 8
64 184
3 173
44 165
78 126
135 71
173 72
117 45
99 188
100 18
165 137
34 126
34 7
83 52
144 103
119 45
173 149
184 34
136 88
129 149
124 66
156 58
187 24
190 148
146 194
6 68
57 93
114 167
86 184
31 18
6 92
182 69
42 124
133 15
63 20
50 42
106 58
155 79
155 57
125 25
46 181
102 51
199 125
73 128
170 107
167 13
55 3
73 139
189 27
131 9
185 143
19 94
81 153
91 46
133 180
79 91
144 160
74 58
81 182
169 173
102 52
157 6
117 92
15 35
106 47
24 29
186 175
185 106
200 66
7 171
115 143
196 4
20 157
28 26
70 20
158 177
134 195
84 88
53 195
63 112
125 15
25 122
185 155
167 40
119 59
171 188
70 2
176 39
186 104
164 15
30 120
130 46
57 184
184 162
175 179
26 31
200 60
180 21
83 79
189 198
31 56
142 134
63 178
57 12
4 67
40 145
159 68
199 159
138 29
90 165
35 106
44 105
118 22
78 49
101 36
117 124
181 96
95 78
8 196
170 103
81 169
140 159
180 122
167 80
9 181
180 68
99 80
196 27
41 174
55 94
20 154
151 150
96 23
134 168
34 186
27 110
80 99
9 1
132 40
13 184
117 146
103 168
50 168
176 154
159 68
74 162
145 93
123 79
106 141
96 98
77 126
172 87
63 95
18 8
166 41
26 144
17 65
93 9
111 22
113 49
128 136
12 108
155 86
158 158
106 8
154 151
154 199
200 79
72 175
65 133
64 141
51 150
65 196
6 84
142 127
126 168
47 81
111 168
132 172
57 137
163 164
130 101
101 193
177 190
7 34
89 30
192 7
43 160
30 84
156 7
121 28
55 97
44 142
164 60
159 118
105 7
44 30
190 197
181 158
9 7
82 180
26 29
70 132
80 147
145 1
18 40
73 44
154 151
64 177
103 167
119 109
116 85
6 68
200 46
181 102
70 138
104 168
175 22
99 15
115 83
130 6
186 192
26 110
20 50
44 69
78 138
141 52
84 64
54 116
152 110
136 13
17 50
130 42
92 178
87 114
49 119
179 98
132 110
95 199
137 175
161 165
121 143
0 30
105 184
141 66
5 65
7 143
142 17
103 97
106 165
112 40
157 12
162 147
46 88
40 109
96 93
127 54
176 187
129 20
121 164
125 34
27 55
64 186
38 29
20 0
104 57
198 97
18 136
165 13
69 130
140 106
7 189
107 23
32 144
68 110
183 81
55 123
109 72
160 89
33 75
58 25
42 5
143 135
52 110
164 126
107 88
160 137
188 127
187 117
125 198
39 86
14 15
16 43
96 154
23 112
198 191
103 166
148 65
94 125
115 75
84 15
122 8
15 65
159 3
84 119
192 102
143 16
112 180
85 71
86 82
162 92
139 5
100 103
93 153
34 148
122 200
158 154
199 101
59 84
43 72
101 112
190 4
42 64
164 110
143 183
74 129
166 189
108 19
71 110
161 147
187 168
200 71
113 56
135 29
52 163
142 177
85 150
71 175
98 130
54 14
48 112
27 135
48 155
11 178
158 174
86 192
200 73
114 121
94 57
130 110
39 92
77 33
121 115
83 143
181 10
89 108
110 138
85 93
69 104
118 15
188 26
96 150
144 33
109 86
25 153
19 123
47 195
149 199
199 31
2 136
9 120
31 104
171 76
187 144
22 100
128 126
15 157
70 19
0 75
200 152
8 132
69 79
114 141
35 164
35 37
65 34
83 2
80 141
137 46
148 168
98 64
194 73
26 122
184 151
151 199
7 162
108 58
180 164
96 142
112 1
185 28
86 148
154 184
190 103
96 198
168 66
94 64
46 111
48 128
171 141
134 46
4 107
79 33
128 134
91 119
28 90
108 88
136 134
14 190
35 74
144 95
160 161
193 185
80 133
75 191
63 38
90 11
7 42
24 83
6 180
9 69
192 182
120 199
169 144
101 36
161 162
148 36
31 127
103 183
190 149
53 63
65 16
46 31
23 64
146 138
143 168
162 39
38 197
23 130
36 56
8 145
50 103
55 199
175 82
153 122
9 87
187 59
47 192
150 121
5 142
122 97
61 175
128 96
100 178
153 78
47 148
120 192
16 23
48 174
117 155
194 190
10 53
111 36
186 128
118 15
21 195
26 141
115 70
68 86
62 103
146 166
182 11
169 147
118 40
26 114
95 55
90 74
120 183
144 177
122 77
189 6
105 54
44 123
99 32
139 16
81 159
197 184
198 51
117 26
40 52
33 145
163 4
147 79
152 172
138 172
63 155
120 194
33 169
97 60
32 85
143 21
152 73
97 51
188 175
13 165
90 187
11 130
116 155
69 108
51 101
168 128
89 81
113 166
33 178
95 5
94 102
106 119
180 77
67 154
54 21
158 57
195 150
123 65
125 124
132 29
18 50
77 4
144 121
51 22
5 175
193 79
50 63
77 146
4 65
81 61
21 80
120 90
68 152
50 20
37 40
161 92
26 122
108 89
136 93
180 181
48 75
39 1
32 156
15 190
54 14
162 168
101 111
38 200
96 157
124 3
13 121
99 82
68 85
140 122
124 185
82 129
51 172
179 109
21 157
92 155
169 194
123 54
25 16
108 161
106 178
179 82
162 133
127 47
37 88
118 119
180 129
79 155
24 15
98 195
119 19
15 45
89 186
132 49
127 123
191 90
127 12
2 78
185 198
138 125
52 74
99 45
198 162
188 188
175 118
92 132
172 157
10 21
53 4
86 13
71 117
196 64
67 97
95 91
139 22
134 113
20 139
170 57
190 5
161 76
33 133
54 113
115 62
137 136
35 39
159 85
51 3
41 143
90 25
144 2
75 115
37 139
152 54
137 148
67 115
23 161
9 39
66 100
8 39
109 30
157 170
181 16
139 1
100 163
37 90
23 199
54 148
117 133
48 44
95 169
142 45
55 144
36 116
114 165
19 200
20 129
143 17
174 25
105 0
81 148
117 162
178 117
76 59
109 111
50 37
59 51
44 4
113 60
125 101
7 69
25 81
99 119
93 18
18 112
27 179
167 0
51 184
3 12
178 171
142 26
15 200
69 172
113 149
44 158
176 5
98 161
117 68
15 114
50 175
48 32
62 193
58 151
3 6
111 87
87 57
33 157
98 120
185 32
47 87
128 34
109 107
184 84
46 97
118 73
6 102
97 130
53 177
56 92
40 52
3 134
133 166
187 183
162 122
135 186
166 148
125 39
196 193
23 155
151 128
80 19
81 19
88 158
107 44
20 148
70 48
54 166
24 112
109 115
68 54
196 117
105 98
120 33
156 94
172 6
82 151
73 121
164 97
9 107
50 90
111 142
85 21
79 159
119 77
139 147
30 109
112 103
48 114
69 41
90 101
80 62
72 175
99 39
3 42
180 158
156 126
112 111
153 140
25 152
15 111
151 19
185 175
57 191
172 27
114 172
112 34
194 54
198 66
9 95
29 13
167 93
132 166
20 41
52 48
41 38
173 59
94 107
63 109
178 7
179 107
161 91
78 133
118 70
66 40
151 24
15 127
169 99
130 71
84 22
73 81
194 68
112 170
95 113
190 139
89 71
42 86
141 176
11 9
158 2
28 147
3 30
31 20
92 176
21 101
55 187
119 181
81 134
168 126
103 56
136 126
26 39
84 137
189 51
93 173
6 144
96 159
172 174
76 80
78 198
153 112
95 142
190 98
131 43
74 180
37 114
175 58
85 84
76 25
48 166
161 99
164 16
10 175
13 193
114 86
156 114
76 39
2 129
36 51
13 45
127 144
114 116
20 14
152 90
198 110
184 121
43 178
163 105
66 130
146 69
181 86
134 11
169 3
120 187
197 9
106 95
61 61
36 184
61 139
54 122
155 194
4 151
112 100
21 51
84 67
21 134
131 5
51 46
98 80
88 161
53 101
11 36
150 178
191 157
109 144
101 102
73 93
104 193
45 188
138 22
93 12
67 81
132 109
193 193
168 97
106 93
55 109
67 67
169 13
191 99
111 192
9 36
104 77
194 11
36 142
125 149
99 66
160 20
179 89
62 177
34 50
141 79
165 134
56 186
193 31
99 128
29 175
88 147
43 187
143 147
184 109
149 99
17 184
119 174
52 97
9 99
78 90
115 55
9 165
146 72
19 92
81 200
186 134
38 166
24 138
74 49
191 113
124 109
169 189
79 9
141 135
165 112
146 28
7 200
94 158
134 149
70 109
47 54
90 93
200 97
108 113
187 83
29 140
21 122
159 30
134 191
5 40
91 158
121 95
117 52
153 109
18 115
128 124
195 53
81 190
163 54
83 191
59 196
72 117
144 166
170 23
118 97
44 13
0 191
163 179
165 34
137 179
176 38
69 172
154 77
144 91
18 47
200 40
4 151
166 3
139 163
34 36
66 82
53 172
161 136
141 78
3 70
87 56
127 35
197 34
75 134
6 173
22 10
101 12
173 174
29 45
62 35
195 30
114 181
62 60
141 76
175 21
87 74
180 33
175 38
119 138
25 124
155 114
49 154
196 106
75 179
61 161
3 27
50 89
117 121
119 93
118 164
76 72
145 11
154 114
97 76
186 194
162 77
100 18
26 148
46 56
126 98
165 137
96 123
11 196
182 100
87 131
118 58
171 74
10 71
180 18
145 9
26 18
42 58
77 36
184 34
56 72
140 199
161 196
161 150
169 70
175 106
121 116
168 142
46 59
84 161
161 58
87 87
1 41
161 3
33 20
24 132
180 11
88 1
114 147
39 81
152 94
98 86
42 149
44 126
85 125
117 110
32 150
28 101
130 153
99 200
170 179
149 66
165 95
56 181
185 79
181 188
168 167
106 67
83 142
48 102
29 144
65 89
99 62
84 6
50 91
54 175
99 104
53 175
27 76
17 137
134 8
160 6
126 107
131 181
91 99
155 71
102 181
75 42
85 52
16 132
66 162
10 84
168 27
126 42
41 167
199 123
13 69
193 121
168 163
57 0
49 19
147 8
170 96
197 83
126 193
35 115
10 103
168 11
157 80
105 47
91 85
103 163
81 194
19 166
170 175
145 19
2 78
75 164
145 99
158 8
145 12
12 180
195 103
146 119
151 45
30 85
36 153
191 143
20 131
82 124
128 26
85 4
105 59
47 31
106 16
2 50
10 18
114 167
1 163
148 122
36 32
143 120
2 100
169 119
186 181
80 60
190 56
185 99
36 84
32 185
13 196
42 87
65 75
15 72
8 156
119 160
140 160
90 106
9 187
53 159
25 50
24 34
133 167
131 48
138 94
49 35
157 170
173 14
79 75
77 135
180 197
121 195
99 198
0 30
68 110
175 25
198 195
149 117
67 87
112 85
176 168
37 42
198 164
21 183
145 110
80 199
149 43
151 190
145 177
11 19
38 121
75 12
63 111
134 52
197 171
109 125
40 26
20 182
35 7
77 166
123 90
177 123
135 15
25 70
174 118
29 20
147 22
55 23
6 29
167 55
171 93
54 197
61 74
142 16
171 146
176 74
31 58
109 105
5 43
166 27
117 130
61 75
137 37
93 116
189 49
142 117
8 16
15 81
44 44
88 74
38 175
17 122
167 165
49 170
179 34
91 146
59 71
28 14
197 53
80 89
45 30
115 93
135 162
70 44
129 167
191 88
86 67
100 163
108 117
39 183
197 75
185 45
143 14
102 10
74 146
164 98
34 19
39 164
69 134
121 21
147 114
11 164
153 57
153 11
166 156
34 160
113 64
5 88
124 67
88 83
48 97
138 87
63 16
110 28
190 22
108 171
194 132
167 147
2 15
169 1
197 142
36 35
118 22
39 109
160 76
0 113
125 130
44 143
25 24
186 21
94 89
173 87
10 125
157 198
99 177
133 60
156 185
166 31
88 198
6 13
56 42
39 10
43 55
143 67
172 174
130 44
184 65
182 88
179 39
144 85
117 130
128 8
19 135
6 97
61 65
41 108
170 67
148 76
100 38
158 184
67 135
190 6
96 124
67 162
42 159
181 96
90 135
95 121
143 175
93 168
78 193
23 182
33 99
101 156
68 76
30 18
7 101
133 160
10 136
73 191
178 131
125 110
152 136
190 188
191 69
147 135
84 151
72 13
20 180
173 196
138 11
84 78
44 142
59 20
30 36
130 157
193 58
179 189
25 199
79 186
114 55
130 153
132 60
121 165
151 15
144 8
60 185
181 190
3 71
159 124
135 37
191 83
166 10
13 63
8 71
182 182
117 91
158 52
194 144
188 37
186 2
146 44
12 146
135 167
108 20
26 11
195 182
150 169
28 68
48 20
81 89
82 142
128 123
131 119
3 42
155 10
199 133
174 81
90 168
121 78
122 72
49 14
62 95
113 135
83 168
131 42
32 48
175 85
43 129
173 145
23 10
168 107
86 177
156 182
167 72
106 8
23 15
23 127
2 121
79 150
138 25
71 184
87 69
97 105
7 18
69 155
182 177
88 39
193 151
41 128
104 160
19 68
70 192
168 182
58 115
140 195
9 147
160 196
156 7
193 18
2 88
33 73
112 139
45 13
27 134
125 73
76 135
125 121
13 144
125 112
0 188
82 82
188 56
17 157
157 161
192 57
37 166
158 8
12 143
85 87
85 132
110 0
108 49
48 9
3 91
115 2
103 94
183 165
151 107
23 138
86 9
71 163
145 178
95 183
113 125
189 127
95 10
109 2
190 131
91 29
127 157
168 187
147 40
73 135
172 35
90 142
58 102
62 1
74 115
139 180
114 123
97 176
151 60
111 155
84 49
168 156
81 141
177 68
0 84
94 58
21 34
120 185
189 85
157 13
162 77
63 133
74 35
133 15
200 21
24 44
83 0
92 25
63 114
49 89
127 115
105 194
101 80
20 162
76 67
114 120
95 57
159 64
51 59
178 48
81 172
188 160
100 7
45 136
121 180
112 198
152 58
164 1
39 126
190 69
97 41
72 192
152 150
189 35
191 10
82 58
189 13
26 195
163 33
179 138
141 143
159 6
40 130
131 101
137 136
186 22
35 77
200 24
7 87
159 152
112 59
193 181
81 105
170 120
34 72
4 17
142 59
133 52
46 128
158 179
122 31
132 55
103 163
169 58
2 165
8 157
97 192
141 51
66 20
136 103
140 21
103 73
36 176
48 119
107 96
27 16
76 165
162 37
136 122
156 198
44 16
99 24
66 167
55 18
50 29
174 171
170 172
140 94
13 2
169 39
127 156
178 24
18 130
76 197
20 4
197 191
99 151
182 159
24 176
151 179
57 172
118 71
145 85
55 45
100 53
49 142
75 132
6 28
126 104
112 187
102 54
1 44
171 68
109 91
130 159
83 144
194 27
30 143
146 126
168 39
91 142
0 143
18 73
138 107
85 140
72 165
40 75
106 78
51 93
62 67
126 23
39 31
73 187
29 34
21 181
197 143
69 168
185 166
72 127
189 1
164 11
200 4
103 172
174 86
122 69
190 12
54 142
173 91
38 187
2 182
8 53
150 53
63 162
170 58
85 15
183 18
101 156
84 17
96 62
194 138
90 182
0 162
69 20
184 59
91 64
122 104
120 131
157 4
137 183
70 166
17 0
94 22
59 168
128 200
149 46
95 152
77 38
16 130
31 104
20 22
109 114
170 137
36 199
63 78
51 55
146 147
0 83
1 156
41 117
137 200
64 103
24 148
177 179
182 184
105 45
75 17
97 165
91 92
55 174
27 151
80 195
50 16
101 168
27 113
166 32
37 134
45 128
28 142
30 42
106 183
25 173
153 7
20 173
78 63
2 135
41 183
168 13
8 86
194 98
96 90
145 85
55 88
136 177
191 15
44 105
193 158
8 54
17 99
94 143
158 41
61 15
14 166
140 130
50 64
78 77
16 181
141 132
9 111
130 52
170 123
89 108
100 174
13 147
54 43
33 21
177 41
120 117
175 59
67 4
27 47
190 42
110 4
1 152
172 63
150 196
31 174
22 62
153 135
45 60
173 97
39 149
91 8
153 117
73 191
148 20
182 198
42 12
2 10
164 105
121 24
197 106
87 17
161 16
155 180
195 53
31 71
6 141
134 119
178 9
49 66
72 162
176 61
72 97
61 66
8 113
37 69
62 174
51 5
82 85
88 131
6 171
122 83
125 67
195 128
165 54
123 86
119 25
196 190
0 115
20 130
162 69
68 112
55 195
53 63
166 56
61 196
171 22
63 146
56 67
189 163
83 199
126 123
20 6
129 69
81 29
54 45
103 10
89 70
136 137
183 60
191 64
43 179
164 160
62 3
8 196
35 67
113 108
89 78
73 158
116 167
92 185
181 137
60 62
80 84
182 37
18 172
188 117
83 62
98 23
84 78
187 119
127 111
191 123
57 120
19 108
165 15
0 51
105 106
81 66
56 20
60 11
83 198
62 172
49 178
96 128
88 9
11 113
50 58
192 186
50 137
100 127
87 69
103 88
81 161
13 100
123 62
104 169
65 146
19 111
89 122
121 139
104 53
110 131
17 111
157 43
10 114
75 71
157 91
145 44
197 47
163 118
51 163
156 67
74 138
131 131
166 134
77 119
32 109
52 63
163 54
189 133
52 55
47 180
40 4
1 91
58 136
89 9
98 155
5 166
179 52
60 189
108 41
46 134
181 64
157 30
163 73
105 106
59 96
59 16
13 36
158 155
182 127
177 150
37 141
121 78
52 76
198 12
88 198
45 10
102 128
192 174
158 143
33 45
168 15
125 71
164 82
154 80
74 194
81 144
105 153
102 137
14 165
3 188
180 102
36 140
116 76
175 44
49 91
92 62
179 109
73 115
120 134
77 114
172 94
48 45
100 135
155 145
5 172
71 141
148 69
144 159
106 67
122 90
75 83
55 101
67 190
42 57
57 116
57 196
150 52
69 127
80 129
19 50
140 163
162 95
51 190
82 182
146 55
82 130
146 178
143 164
17 112
187 114
191 24
38 148
139 119
22 6
147 113
51 36
40 171
159 80
75 25
182 17
27 21
157 128
79 64
185 187
32 16
7 66
195 187
157 51
38 65
38 93
147 66
163 25
103 49
73 49
198 30
85 160
19 29
91 83
67 87
146 83
91 115
77 195
67 102
158 87
191 187
96 193
12 26
47 100
191 171
30 74
36 124
118 195
135 127
126 63
192 86
70 59
26 185
66 17
124 88
127 41
125 92
129 60
92 72
132 126
67 131
23 194
3 83
81 2
34 84
80 145
12 143
95 61
107 97
107 194
130 126
85 145
40 14
194 64
101 173
191 120
132 88
110 79
118 132
94 6
87 3
41 3
98 4
62 52
77 180
157 18
173 102
12 161
23 151
13 195
135 9
177 196
49 80
185 122
38 10
25 124
10 149
132 108
181 54
64 160
66 5
175 157
15 186
88 78
15 92
167 11
136 60
50 169
36 36
128 73
119 118
152 73
171 4
0 43
123 52
41 154
184 189
21 48
182 104
102 65
62 154
5 96
183 0
9 32
75 110
18 56
44 169
194 55
96 187
7 152
174 71
176 53
38 147
77 0
88 171
46 152
197 8
107 15
144 5
199 184
129 1
171 19
97 157
86 195
57 118
191 79
102 14
76 8
48 6
69 105
10 142
150 155
63 36
158 16
154 104
171 159
75 13
29 90
62 166
149 29
32 0
11 78
46 15
167 104
76 44
75 194
148 143
121 113
42 159
186 13
107 108
160 91
31 5
112 24
19 14
63 37
36 120
160 121
119 122
114 105
101 180
33 173
150 185
50 18
17 58
127 104
108 184
76 54
157 51
43 0
108 82
86 49
169 152
191 52
166 178
77 28
2 3
23 176
20 19
131 67
173 4
26 104
35 193
59 48
10 4
48 58
179 193
135 96
7 64
200 36
132 179
102 82
162 27
91 34
104 193
138 98
33 86
85 168
134 63
77 92
140 79
44 147
106 21
198 62
158 114
167 176
110 111
185 88
95 156
165 65
171 72
106 49
35 47
147 159
48 154
117 193
46 143
131 42
53 130
47 153
80 111
11 62
166 66
156 45
89 88
133 145
199 91
52 41
53 8
48 124
69 118
120 6
2 52
157 196
59 167
5 177
162 146
41 106
86 182
177 101
99 76
73 75
110 194
161 127
35 109
126 161
145 76
171 157
73 140
7 165
27 79
32 60
38 120
198 120
36 72
146 71
85 62
185 158
143 147
16 88
81 10
135 137
92 89
85 44
157 59
159 29
6 93
124 159
140 55
85 84
142 52
191 82
177 137
71 51
197 166
12 160
15 40
56 172
190 33
98 6
156 59
176 188
169 182
57 18
149 56
125 169
113 101
189 33
119 18
84 42
153 158
185 154
166 178
108 172
57 42
158 81
28 155
129 195
31 139
121 179
90 77
167 40
80 185
77 110
122 28
74 188
116 107
66 124
127 48
105 104
99 97
139 161
183 197
198 69
44 108
49 124
75 177
59 40
130 12
132 21
94 10
63 173
33 152
71 72
69 164
73 90
128 0
67 32
171 98
119 92
169 181
47 132
125 63
11 95
134 177
192 2
68 193
73 169
99 89
153 25
52 192
3 88
196 19
17 133
197 53
196 35
168 4
134 166
196 98
61 96
124 34
129 5
19 140
193 21
199 60
13 128
15 35
50 38
95 63
61 52
2 33
175 43
187 39
184 105
41 130
111 170
90 87
190 14
148 93
47 14
188 13
199 139
32 113
126 120
5 157
53 173
103 27
98 142
86 3
162 131
39 31
118 88
7 93
33 3
107 173
28 198
111 143
109 38
110 152
125 196
9 57
121 128
195 192
67 140
163 150
145 175
81 157
138 115
190 68
24 11
32 53
167 120
36 174
125 117
98 143
25 195
108 197
74 174
124 133
58 170
83 196
61 111
117 37
198 200
188 120
161 119
10 68
197 170
8 182
165 48
155 27
115 23
76 84
74 154
153 92
90 48
27 186
184 119
14 156
39 36
37 64
144 58
110 52
157 97
47 17
164 62
23 5
63 20
74 1
40 113
52 181
120 100
186 41
22 153
114 129
72 190
105 146
99 110
173 148
41 183
60 22
42 102
148 6
67 196
43 125
32 80
34 184
117 154
195 23
26 76
21 155
163 121
151 68
38 12
10 136
167 71
54 147
29 45
164 190
147 119
108 49
32 71
103 29
97 135
95 196
152 113
151 3
18 49
55 38
120 85
186 14
91 158
81 99
53 54
23 143
125 76
110 168
51 117
166 87
129 155
11 84
26 39
63 138
18 95
145 138
24 182
170 144
109 23
3 161
53 59
175 96
168 11
163 152
18 105
98 159
70 173
156 104
62 68
50 155
66 143
119 48
116 158
87 155
96 25
109 152
136 120
109 140
181 155
146 117
75 152
113 149
5 19
145 45
140 101
70 180
105 78
108 140
77 167
79 47
78 147
67 88
2 123
79 138
38 0
92 56
126 22
134 67
173 78
160 192
1 174
156 28
35 196
100 196
123 34
197 109
117 78
23 128
154 6
90 134
90 72
30 12
170 75
147 59
38 10
164 150
84 22
113 127
179 40
21 188
8 184
127 3
127 51
26 77
108 24
175 154
46 10
118 2
114 145
10 161
173 37
30 164
66 95
69 0
161 53
121 121
100 54
176 60
109 102
78 161
157 11
35 144
90 13
112 147
69 151
97 11
39 123
27 52
22 176
60 186
5 200
67 94
167 159
110 152
48 37
74 75
60 114
156 134
151 13
70 39
73 137
114 40
19 139
80 185
159 110
197 80
26 16
29 80
82 186
10 167
68 5
56 27
52 47
20 92
23 164
90 108
112 118
36 144
79 153
183 180
88 117
117 149
17 16
147 173
46 197
51 161
137 92
171 198
195 80
42 104
196 18
135 19
26 85
36 113
74 74
113 127
81 125
84 14
125 147
139 142
86 152
165 141
39 170
148 143
181 115
1 100
190 97
6 190
45 164
9 158
113 184
139 78
170 61
176 43
160 36
106 193
157 102
197 57
62 17
25 84
57 158
162 180
148 44
161 97
28 174
9 176
12 13
55 88
147 78
34 110
58 172
99 34
75 120
159 128
33 142
162 116
178 10
80 10
42 141
23 106
167 32
27 147
30 181
93 136
138 182
37 81
46 83
146 161
10 107
133 13
162 79
43 12
82 32
184 4
143 92
74 129
80 24
163 192
191 149
50 57
8 137
60 166
0 3
195 200
193 79
70 41
110 20
134 185
189 143
182 91
102 193
77 145
109 82
123 25
78 199
187 40
163 79
147 69
194 25
144 72
29 58
71 55
131 158
60 161
134 198
43 126
145 161
136 85
174 145
65 40
119 57
137 143
112 35
35 9
109 36
136 23
175 97
12 155
184 42
41 2
112 108
142 60
33 28
14 200
45 185
116 190
149 62
154 9
3 126
127 124
58 196
107 88
54 78
109 161
44 60
31 49
190 199
174 49
62 99
170 188
133 86
5 81
31 31
78 134
200 192
68 161
43 24
195 130
141 112
100 118
54 173
185 35
67 177
179 183
148 60
37 87
105 70
79 44
46 43
97 125
31 165
181 129
11 179
152 164
85 17
41 136
23 137
7 20
200 74
55 66
106 148
129 131
21 137
51 184
28 83
24 161
110 136
66 53
98 76
113 46
75 39
172 52
83 75
178 50
156 103
97 199
130 7
88 172
121 168
176 150
125 9
63 69
15 190
158 38
59 4
137 152
122 152
147 100
154 125
4 104
3 75
161 57
44 70
153 180
64 18
147 35
199 117
140 190
73 55
190 85
195 199
57 119
41 182
80 34
123 39
157 123
78 153
30 119
100 86
129 67
20 75
101 110
172 125
132 91
149 66
170 78
39 0
190 188
97 149
90 62
52 111
140 27
82 72
4 40
91 82
120 174
13 107
14 28
175 9
57 142
60 132
125 33
175 144
45 3
5 105
181 32
156 146
170 126
53 136
30 53
61 119
134 62
139 114
108 148
14 198
115 199
42 29
171 179
40 18
75 169
102 93
30 56
18 112
124 146
81 125
96 197
143 187
134 180
13 65
115 114
57 181
80 140
89 149
17 82
118 176
81 68
34 126
128 36
24 64
101 21
167 7
159 47
80 149
45 171
109 116
6 196
43 110
108 132
31 137
181 98
90 100
117 178
127 15
147 81
174 141
89 6
131 81
117 48
171 173
196 159
4 41
41 60
196 20
16 115
182 43
160 166
158 132
28 169
179 122
73 67
135 65
22 19
6 151
150 10
147 130
182 152
9 20
188 87
18 106
180 144
59 26
25 89
165 176
87 79
15 164
28 146
35 139
20 55
141 179
44 87
82 144
135 178
96 86
12 78
22 189
32 140
16 39
154 76
110 131
168 85
128 148
154 122
8 63
13 164
15 24
155 183
45 97
77 135
92 83
103 127
115 114
45 197
115 54
41 113
189 58
118 83
76 178
10 51
116 148
91 84
147 108
51 34
2 159
114 44
161 195
20 151
102 147
65 195
69 87
79 25
199 29
63 5
68 157
26 100
88 170
144 77
69 126
16 171
35 74
93 172
57 134
104 179
166 197
130 117
190 37
129 25
0 193
116 60
194 3
192 105
200 71
69 127
32 192
69 148
103 2
16 91
132 61
10 120
116 3
26 44
109 137
88 178
44 10
80 198
89 143
93 58
70 109
195 73
166 59
45 11
17 112
18 112
94 62
109 31
193 177
160 127
1 23
166 105
76 45
67 162
132 121
20 114
105 143
62 75
4 116
130 18
63 61
89 148
164 56
142 143
127 27
136 57
197 166
119 179
144 45
78 32
32 151
144 113
199 160
161 170
102 65
26 81
54 114
103 149
157 75
191 180
163 113
13 175
96 13
26 84
119 120
24 128
182 81
125 16
56 119
138 5
113 70
151 61
52 3
104 11
52 113
164 21
100 66
60 117
122 136
103 19
89 85
83 125
1 98
176 132
83 131
18 193
46 152
127 188
152 147
73 152
162 2
101 52
33 38
197 131
120 109
63 5
136 45
152 123
37 151
120 150
47 120
106 47
11 86
129 84
15 138
189 190
74 106
172 15
157 54
45 125
143 42
94 166
195 131
186 163
114 23
76 153
25 48
155 142
111 26
121 111
11 33
143 13
151 173
36 178
69 67
4 63
54 31
9 15
135 70
170 74
149 194
146 16
194 175
197 47
160 108
200 65
154 8
124 200
38 184
169 155
163 19
74 52
106 94
154 41
135 193
181 167
86 178
183 22
120 57
85 89
49 99
96 124
13 80
192 178
130 192
17 107
14 32
47 161
185 174
108 70
122 136
22 191
159 117
142 108
97 125
64 37
26 90
102 125
76 2
96 66
133 0
137 147
73 69
30 169
73 119
133 4
79 153
132 111
46 76
103 3
30 9
40 124
28 183
57 192
31 142
121 72
162 135
135 128
4 130
159 191
34 46
177 125
68 84
193 180
88 42
7 54
65 53
20 158
123 20
166 70
165 89
193 179
177 14
119 94
71 84
129 103
19 9
144 132
10 165
76 111
188 114
78 104
190 134
63 21
17 178
125 141
63 171
143 84
111 12
165 196
87 198
108 61
171 175
183 43
74 111
66 133
159 182
77 111
0 58
13 41
55 147
126 112
8 183
120 20
121 177
48 135
40 172
167 64
85 65
81 84
13 85
98 134
47 178
98 156
141 154
153 107
111 103
34 103
144 4
43 187
116 97
200 91
92 141
86 97
128 33
69 186
8 167
118 30
148 71
164 78
193 25
131 76
127 4
53 34
38 164
95 111
87 18
45 113
61 141
177 96
28 17
130 128
109 95
18 68
22 6
60 42
169 160
131 174
89 35
173 166
90 97
11 154
143 87
200 118
191 17
20 42
180 31
145 72
5 160
11 165
85 33
76 142
116 133
168 67
189 12
81 99
187 175
185 95
123 133
186 15
110 16
89 173
24 149
193 27
23 39
195 102
16 175
70 20
131 17
199 78
58 182
159 53
174 58
136 92
86 196
58 196
38 71
108 83
34 154
135 107
41 116
75 10
90 144
174 199
141 100
129 95
197 84
138 194
170 121
83 103
182 20
122 35
150 76
44 116
89 93
18 58
35 52
103 191
10 162
153 2
141 184
74 87
77 178
62 79
9 138
41 60
146 184
198 29
62 22
85 158
149 192
77 19
29 194
82 41
142 56
89 101
162 113
159 189
122 172
197 21
183 85
58 148
102 35
194 56
200 124
187 108
147 161
2 93
136 150
127 196
154 122
199 199
152 121
119 54
82 198
33 24
102 73
193 172
108 41
184 175
116 134
189 179
54 90
13 90
18 11
61 188
169 77
146 31
191 157
127 131
56 13
38 3
167 72
106 62
42 133
130 107
172 92
136 56
74 186
121 30
49 126
5 16
32 23
176 145
103 79
160 104
50 150
151 27
56 66
191 133
86 78
150 90
16 195
76 15
15 93
133 4
24 55
55 180
26 132
121 99
155 83
20 154
185 122
199 128
104 26
46 189
186 154
24 41
99 113
190 169
66 167
153 139
100 96
41 34
142 17
137 171
119 9
12 164
148 156
137 89
29 174
63 148
77 158
103 46
77 140
137 68
143 66
84 144
23 58
22 101
130 67
44 160
13 108
96 39
194 20
136 131
151 149
76 5
153 119
30 191
169 133
183 162
133 120
85 183
159 39
197 108
171 197
124 87
37 154
23 193
49 79
46 82
38 124
73 109
187 66
155 11
74 129
117 4
110 68
183 79
34 127
17 166
157 120
57 188
83 53
85 127
12 134
84 93
174 134
83 58
143 66
32 184
158 29
51 174
22 94
153 62
94 120
96 106
154 76
171 89
60 184
193 158
139 132
23 123
18 149
164 96
53 154
33 14
169 145
51 67
200 82
143 39
98 19
124 24
13 168
80 14
75 86
43 44
23 4
88 157
188 83
57 81
70 93
71 27
77 22
134 56
136 52
162 133
104 164
152 42
133 112
59 116
185 37
160 18
93 12
157 77
38 72
79 89
119 178
52 54
131 16
172 20
195 32
196 60
53 13
76 9
130 171
187 96
50 116
109 122
87 127
123 36
144 11
193 197
37 107
77 127
139 186
56 134
127 111
188 121
99 3
138 154
141 182
75 188
170 23
124 137
121 64
32 164
40 42
11 122
149 14
67 188
94 150
169 2
98 78
45 109
25 46
120 79
100 129
150 169
66 54
126 110
87 176
34 128
183 39
73 33
104 152
167 80
48 115
5 137
14 63
183 171
23 83
105 122
30 73
44 185
17 124
149 72
122 149
134 138
44 111
63 20
127 159
65 62
175 88
58 71
29 92
8 94
3 126
91 23
159 136
107 123
86 175
62 188
13 17
130 92
39 4
91 36
59 185
16 35
149 113
156 93
11 45
186 117
76 100
129 84
97 52
41 22
105 171
135 71
71 160
66 94
98 186
33 189
72 189
162 109
80 148
143 65
165 104
37 190
164 181
167 123
176 173
118 166
167 47
9 130
163 36
167 198
46 135
169 33
167 124
78 92
185 12
77 158
46 45
37 39
166 181
141 125
130 136
106 144
123 176
155 60
13 28
27 8
52 83
6 35
110 62
118 58
116 187
92 132
153 122
198 66
5 149
155 108
163 110
6 69
197 63
144 140
0 77
21 137
188 151
63 181
44 177
183 47
38 107
162 19
16 83
186 22
108 107
191 60
79 117
3 75
48 68
171 86
56 188
11 162
144 100
18 46
95 2
122 100
31 116
103 86
175 89
79 131
4 97
116 28
10 94
127 102
60 116
131 139
194 136
130 140
181 5
151 177
164 105
150 125
190 79
152 175
16 24
44 130
159 130
77 79
194 93
191 124
13 130
43 71
95 176
123 13
116 49
23 39
168 75
150 62
9 65
120 80
27 7
184 87
160 130
38 104
36 168
162 196
79 21
92 104
167 164
28 75
179 180
39 77
76 29
199 62
67 73
121 14
185 31
68 102
125 4
192 80
20 49
182 39
55 86
177 45
80 78
103 112
138 199
190 49
149 118
18 155
41 25
114 77
32 126
142 168
5 16
159 181
41 49
113 128
27 32
198 33
25 193
11 193
80 147
159 186
143 46
121 127
140 3
25 193
31 103
28 19
131 117
100 153
70 63
61 145
67 180
197 126
174 77
119 20
91 198
24 56
99 115
142 23
35 155
162 172
178 50
101 151
159 57
197 176
99 150
130 61
12 47
126 33
43 148
102 176
48 64
173 111
55 70
0 180
198 167
187 60
6 140
136 183
126 76
141 17
24 161
100 141
186 49
17 55
17 62
137 147
105 68
189 200
9 114
156 75
24 0
141 97
144 194
31 69
199 115
88 53
138 7
47 182
22 6
61 95
151 98
86 42
197 145
73 7
15 59
141 43
188 89
23 194
90 186
119 86
52 170
171 16
84 168
195 59
153 18
124 132
141 65
79 68
26 83
59 182
22 119
18 18
86 117
161 27
71 59
80 110
84 104
140 84
43 8
109 197
108 6
170 190
17 111
45 62
119 100
28 105
137 103
34 16
193 42
2 193
73 96
122 87
66 190
77 111
93 68
0 161
161 135
199 89
16 66
70 3
25 109
49 77
8 136
93 73
182 166
169 129
132 88
134 51
3 105
129 66
152 102
92 179
43 162
157 62
87 160
85 134
156 31
29 183
191 6
50 178
28 100
148 49
160 153
2 83
106 166
12 189
19 101
82 70
151 119
191 59
156 78
57 136
81 73
150 124
191 163
118 9
112 13
114 49
88 104
83 137
126 46
69 100
30 66
195 93
41 151
60 56
63 64
123 184
171 73
37 34
175 77
164 1
191 84
65 162
89 40
141 32
115 145
199 59
91 127
79 54
5 91
151 28
199 198
53 0
58 23
132 84
46 41
160 126
112 15
58 40
196 144
41 196
13 78
143 28
137 13
105 188
111 166
157 157
60 126
65 25
195 152
183 11
127 31
81 183
147 174
145 150
9 17
138 32
79 123
115 88
175 198
64 167
188 110
89 180
173 31
172 170
139 112
129 83
164 76
113 77
38 195
12 98
40 116
130 139
197 93
17 195
151 125
86 113
96 157
67 22
2 167
197 98
119 150
186 38
150 175
109 185
193 200
22 92
41 10
105 45
39 95
0 162
101 23
2 16
36 126
140 195
105 169
124 93
150 128
166 198
72 185
186 28
198 66
165 193
184 30
52 4
173 169
19 85
83 0
98 177
105 94
125 173
10 141
76 106
57 24
127 8
65 55
190 159
95 51
72 175
117 91
76 81
67 103
48 199
189 102
4 138
133 88
165 182
72 11
175 169
34 94
143 139
20 52
194 190
191 200
93 166
24 38
31 163
64 183
164 14
91 142
81 0
177 26
12 178
181 167
117 39
150 107
19 2
22 102
52 142
63 105
128 120
104 6
193 187
76 32
200 25
55 40
175 9
43 26
189 92
49 181
175 142
46 15
78 12
156 118
47 101
162 155
34 26
141 165
176 194
44 183
18 55
178 136
54 168
55 182
183 11
154 86
156 183
9 66
143 118
43 29
193 58
194 120
21 106
16 58
5 83
78 31
191 36
64 134
91 21
193 97
102 58
11 99
85 179
58 73
135 77
17 10
187 124
127 55
194 10
34 149
80 120
49 125
22 193
140 92
83 156
150 110
93 111
41 160
7 149
77 62
109 197
110 78
68 114
136 117
49 33
126 10
140 88
180 187
35 56
129 117
7 130
27 26
3 93
165 127
4 108
101 60
96 117
152 21
169 6
3 119
13 65
38 109
8 155
105 15
53 115
111 7
16 144
179 11
78 102
191 39
200 183
52 120
139 144
161 98
45 94
137 165
155 32
32 82
8 161
72 86
84 192
79 192
145 140
64 156
21 194
32 182
130 88
126 146
2 155
147 121
12 198
50 139
176 47
111 112
60 197
80 79
69 29
105 160
71 141
41 167
88 129
135 143
143 82
145 175
153 5
161 22
52 135
1 92
136 21
50 98
33 110
77 192
102 36
52 87
102 18
40 184
54 88
145 5
16 104
33 172
182 164
86 79
168 181
104 147
144 131
199 99
9 93
117 131
60 178
9 184
114 108
64 191
48 101
199 133
45 1
57 23
166 139
123 131
73 164
57 18
173 157
200 128
80 184
200 80
119 146
4 83
123 155
167 23
11 11
33 1
77 159
120 96
105 46
138 50
10 84
6 94
153 40
41 145
19 17
159 103
117 43
103 48
183 163
186 13
139 157
79 14
60 14
108 139
164 167
21 66
118 5
159 162
148 166
44 38
125 183
83 155
38 130
176 77
15 112
7 18
70 52
16 34
142 96
77 15
93 15
159 141
103 107
146 134
114 33
79 65
48 150
81 37
170 75
14 78
58 37
43 153
101 30
61 134
66 77
133 59
8 43
114 8
87 80
130 96
22 63
82 24
140 188
2 18
11 4
46 121
160 181
174 51
42 92
86 6
84 126
15 186
154 4
4 78
75 126
70 28
14 135
148 7
93 59
125 168
194 30
36 142
39 23
20 162
113 157
168 127
93 36
190 30
40 93
168 175
156 185
169 129
163 66
17 58
179 114
164 109
78 60
121 34
116 101
117 76
25 34
139 179
89 49
43 1
116 191
181 4
72 69
189 135
104 175
160 127
128 50
152 39
154 11
189 136
119 137
154 149
111 118
65 66
172 56
101 183
150 76
16 76
168 168
84 196
181 190
139 157
103 127
166 19
117 147
103 182
164 30
174 188
45 160
111 20
44 182
139 109
42 195
14 185
37 115
103 76
52 111
99 116
86 190
164 12
100 14
121 81
15 11
186 75
106 19
181 160
184 25
16 96
183 7
114 171
184 146
137 55
15 106
138 70
29 47
2 199
1 165
60 186
67 165
97 137
94 70
134 46
115 2
62 148
104 141
36 24
185 173
93 6
28 172
119 55
21 141
87 171
46 42
3 58
64 146
74 80
73 25
68 153
26 56
93 45
141 3
10 2
100 155
104 37
60 153
112 106
63 55
24 200
173 78
54 130
160 175
87 69
155 61
137 156
17 159
189 10
19 123
36 72
124 188
32 128
97 64
24 40
58 151
140 56
52 134
141 101
18 116
135 154
186 137
168 152
179 164
123 94
27 4
4 161
161 55
198 52
132 48
184 69
10 48
135 1
11 120
189 162
196 73
35 67
43 196
107 96
67 1
180 2
94 43
125 177
57 53
115 114
175 189
152 24
121 72
174 69
115 183
63 130
32 158
73 189
200 14
63 139
136 199
182 115
96 121
105 130
147 75
18 195
125 20
199 187
93 96
115 68
110 16
185 51
113 129
59 79
18 98
34 167
20 147
82 166
67 36
80 50
65 122
9 101
43 200
53 170
105 159
151 69
134 75
190 15
199 16
28 66
154 16
80 36
172 21
13 56
102 88
71 132
179 174
59 87
108 77
53 19
106 132
156 102
139 32
64 139
46 167
154 98
43 177
22 118
130 154
68 197
183 128
71 172
150 57
79 5
17 44
110 58
48 72
67 14
170 142
6 36
18 47
195 13
15 48
104 182
110 5
45 79
112 140
75 112
104 193
63 68
105 84
24 48
172 37
185 108
157 40
25 21
36 75
154 6
135 152
11 74
118 132
85 120
147 93
95 94
94 23
49 48
119 18
116 98
180 43
25 71
109 50
63 9
196 119
190 107
110 25
126 174
190 196
107 11
187 99
122 26
87 84
41 125
166 84
94 18
79 187
157 139
171 32
190 187
122 30
81 144
101 194
146 45
141 153
7 33
69 125
193 7
172 86
100 85
61 53
165 174
128 59
9 56
5 116
33 10
188 92
91 172
138 112
157 86
188 46
200 141
25 27
47 187
20 165
11 153
111 69
121 67
135 53
167 127
189 117
129 182
28 2
68 11
173 17
194 172
159 182
2 154
161 76
31 200
71 37
136 97
49 72
20 20
149 51
197 1
31 157
159 16
6 5
85 49
186 126
53 98
62 155
55 115
97 56
17 166
62 48
75 143
151 40
28 26
84 146
191 26
43 57
160 46
24 186
6 75
109 8
77 32
40 16
0 119
134 43
77 178
25 130
173 159
40 34
155 164
30 96
90 187
74 118
102 43
8 153
106 131
183 21
64 137
34 173
128 114
102 194
60 42
14 24
120 156
23 197
121 59
37 136
16 34
132 96
6 117
50 194
173 14
6 81
3 161
88 197
144 79
12 186
125 49
149 24
78 181
9 148
7 10
138 5
41 61
117 185
26 68
43 123
3 26
66 199
94 110
68 198
118 148
128 148
22 154
130 95
188 79
113 161
190 3
136 80
41 156
49 181
151 123
125 18
141 10
100 47
167 145
152 62
82 132
36 107
27 195
129 114
45 152
162 175
160 106
134 163
81 63
21 128
83 94
147 88
64 80
142 87
132 154
147 25
137 68
91 16
119 117
138 65
176 39
181 187
86 106
99 170
114 100
91 31
192 62
159 162
134 103
176 110
152 3
12 128
53 128
144 191
159 49
118 68
132 70
23 176
158 120
83 0
46 185
87 168
36 66
136 117
93 16
40 190
178 162
123 150
162 95
129 133
77 64
161 139
152 30
171 46
174 96
193 121
97 198
36 34
88 102
127 130
140 166
72 139
181 179
91 182
38 133
108 198
31 63
146 64
177 26
185 37
147 194
120 163
54 175
26 200
157 61
151 198
88 92
115 133
9 194
85 74
29 168
124 51
179 108
49 59
70 64
1 121
13 102
84 50
170 194
167 119
113 61
153 132
91 99
114 80
91 37
126 20
92 123
150 25
100 192
81 97
192 138
197 124
11 176
186 16
11 151
109 88
147 100
129 73
112 31
64 124
28 91
175 75
156 93
113 105
149 94
33 68
83 181
159 105
30 64
183 200
175 85
4 69
22 19
98 49
89 125
105 137
42 184
56 84
8 141
33 63
191 124
59 121
177 109
62 165
56 108
136 167
153 186
61 75
22 113
54 100
71 175
178 38
46 102
135 131
116 21
36 10
52 162
113 50
14 99
195 171
33 109
8 30
138 62
38 120
46 16
60 79
180 20
108 150
174 61
46 198
145 80
180 61
69 147
157 143
69 123
155 45
117 145
174 103
33 189
122 58
21 11
72 199
166 12
37 136
76 101
119 149
89 186
140 9
95 99
111 80
76 20
160 70
167 149
165 61
96 189
45 11
188 179
184 133
26 49
159 36
103 172
185 29
157 58
119 148
30 48
58 107
54 71
141 135
52 171
110 143
173 100
79 84
46 77
131 148
45 167
38 175
31 177
68 56
28 145
119 194
193 137
12 88
85 188
121 20
194 134
165 91
17 69
113 88
91 168
125 154
29 80
48 183
104 117
94 166
124 36
200 86
173 9
43 157
97 61
200 135
166 148
22 189
141 32
6 119
60 127
72 142
45 131
121 193
99 184
171 145
8 12
99 47
51 75
166 111
126 121
95 166
137 42
197 12
148 165
114 83
53 126
73 193
57 98
134 0
186 117
181 147
34 165
43 19
200 30
35 158
4 107
197 125
81 92
60 163
17 41
23 56
102 189
40 144
115 38
164 15
18 51
136 100
170 31
174 79
168 81
57 6
92 93
68 50
197 34
167 178
172 48
200 33
22 101
158 160
71 200
194 114
125 157
8 27
114 177
133 25
79 99
171 87
54 38
50 57
159 165
23 42
29 167
19 100
28 121
121 70
200 99
41 198
19 94
110 100
169 16
84 28
18 51
56 147
115 128
93 76
142 105
106 29
28 97
162 1
136 157
175 117
164 112
96 37
44 38
123 171
180 174
172 60
129 130
94 95
13 76
169 140
186 192
8 191
59 145
96 63
51 79
121 126
3 22
158 190
6 62
167 99
43 107
66 45
187 42
154 128
50 70
100 154
175 200
76 47
151 31
173 34
58 129
150 138
175 15
35 21
89 100
47 23
167 173
34 102
190 113
30 5
21 97
86 35
54 77
199 12
3 43
154 96
186 134
19 4
182 113
37 12
139 193
177 150
189 142
38 95
147 63
72 142
181 62
43 44
190 132
189 191
120 74
76 67
24 167
162 191
92 172
112 31
57 59
95 198
195 1
144 162
33 30
4 64
72 10
128 84
152 95
88 86
1 48
58 42
166 76
111 83
184 7
150 130
81 144
131 93
174 139
167 193
51 180
149 85
42 91
13 166
43 129
181 132
196 78
143 125
0 84
123 61
42 62
90 85
184 122
165 71
6 5
118 164
113 146
56 155
129 137
60 82
112 68
164 38
153 80
128 191
168 93
55 138
30 83
84 48
62 106
89 96
112 58
37 26
126 152
102 89
6 52
7 199
32 129
88 39
133 50
9 125
119 50
130 19
132 107
88 88
113 32
177 174
163 1
19 76
57 86
148 1
80 176
50 176
101 3
48 79
12 13
53 6
112 83
134 124
115 147
18 41
96 161
140 73
93 124
10 63
11 76
168 140
148 17
2 24
86 167
106 88
167 56
121 16
39 199
10 67
79 145
117 17
44 17
154 106
41 83
49 17
80 19
98 190
73 11
33 166
31 54
146 126
66 31
65 12
4 44
53 65
15 67
8 77
74 17
65 155
9 64
26 200
192 109
49 165
158 158
6 70
100 174
145 44
24 165
169 58
49 118
120 74
118 159
48 90
150 124
178 149
97 151
42 200
90 10
17 22
194 116
21 151
179 69
149 102
146 80
193 177
29 122
91 98
57 104
111 116
120 52
166 189
1 75
130 108
93 106
132 180
158 197
198 150
122 12
33 0
93 154
139 100
64 56
90 54
22 31
123 62
57 33
70 25
116 136
1 155
70 102
48 197
11 168
30 57
181 73
169 165
40 150
61 146
19 13
68 65
14 80
103 130
28 85
40 56
163 74
196 178
164 130
13 93
54 156
167 99
129 147
103 123
161 190
28 81
86 61
186 180
119 127
114 195
186 57
35 99
23 175
78 12
92 82
79 77
171 141
54 168
72 80
158 14
39 47
116 154
194 39
46 140
50 69
29 12
27 144
142 19
86 152
11 80
29 179
44 11
102 25
194 130
194 69
77 135
53 132
130 112
127 134
187 200
0 62
26 69
61 31
191 111
151 49
86 107
97 36
161 170
56 40
99 54
195 42
89 167
151 53
199 13
165 125
118 51
7 40
12 89
200 33
72 55
10 168
142 15
164 31
65 123
70 22
122 143
28 87
179 162
44 187
8 66
13 87
78 78
157 153
51 69
108 8
6 93
73 175
21 112
153 30
32 80
132 105
84 165
152 157
21 61
102 96
71 104
112 186
36 193
129 199
64 176
104 161
102 136
110 88
173 135
11 32
72 200
20 145
160 20
153 93
171 50
13 24
50 113
51 97
1 140
105 63
79 130
75 83
17 76
115 184
63 36
189 62
29 99
82 80
181 23
0 193
145 65
116 89
141 63
78 48
63 149
68 171
188 171
2 138
123 137
108 95
196 158
64 22
23 95
126 183
83 3
20 0
82 134
133 103
181 60
43 161
16 109
165 5
9 19
81 177
56 145
78 87
196 49
92 32
86 192
133 80
190 155
194 191
58 65
34 115
21 36
35 143
6 44
47 109
19 174
72 195
193 83
160 157
4 170
94 12
180 134
166 176
197 91
133 146
198 197
200 180
31 32
138 196
20 64
160 92
164 72
97 40
111 36
200 7
5 162
65 91
172 24
200 15
29 18
196 12
107 34
165 194
18 162
140 163
110 139
85 92
31 107
183 130
54 126
155 134
28 127
72 49
129 101
128 85
186 15
94 145
94 27
110 148
28 128
137 58
39 55
157 146
23 112
55 79
172 192
63 187
189 199
193 170
198 36
104 73
3 153
106 33
83 138
141 94
111 137
180 92
154 187
143 101
127 61
68 20
195 168
84 197
44 71
26 4
4 67
71 13
71 40
105 166
49 36
69 183
96 178
35 2
94 142
133 139
134 15
157 101
139 189
85 137
169 183
123 64
172 71
59 200
48 118
31 188
68 7
109 4
167 191
49 156
149 172
174 149
100 160
199 20
26 171
89 182
141 167
51 68
163 46
89 83
149 160
10 185
130 183
197 9
61 153
175 11
27 118
28 153
21 117
23 129
17 141
64 121
32 145
3 147
157 55
29 148
190 21
51 100
189 152
88 20
48 81
83 164
61 17
9 131
31 44
27 96
148 21
152 65
93 126
143 93
34 4
184 170
182 112
87 115
70 12
126 16
88 138
117 80
96 98
54 73
6 8
174 57
79 0
11 45
39 120
190 180
124 145
134 60
182 150
62 151
156 110
189 78
50 169
160 162
146 42
91 161
198 87
196 12
94 111
103 115
90 177
174 74
120 90
181 35
10 111
60 178
101 153
43 153
118 177
131 59
90 121
140 73
172 190
46 146
186 1
142 23
105 185
12 31
104 179
120 189
159 163
36 118
178 194
84 134
12 64
39 23
93 4
104 115
18 118
66 189
43 28
99 105
130 152
121 150
73 95
79 128
120 168
38 75
20 20
157 86
44 132
148 95
116 70
17 114
113 128
4 39
109 66
36 20
58 23
139 136
53 101
81 27
116 22
7 157
36 181
20 0
57 22
153 194
12 105
115 101
9 71
86 14
172 193
123 58
97 134
87 88
11 172
137 156
63 0
102 63
143 23
117 66
24 139
50 13
129 94
130 154
49 55
15 18
150 112
100 86
14 8
169 141
194 6
81 193
150 65
167 111
96 149
173 39
23 20
163 9
109 52
3 78
70 156
146 18
128 60
190 9
103 36
9 189
66 117
195 170
98 168
29 126
59 121
3 47
178 5
182 66
189 87
137 170
50 77
137 149
120 198
29 114
55 12
108 16
156 20
14 9
36 111
0 180
136 178
143 58
143 149
177 137
40 82
186 164
48 60
92 126
171 134
139 51
74 161
33 189
88 159
132 193
184 151
49 171
98 112
120 6
86 118
124 101
93 99
19 118
56 10
20 63
117 142
35 156
106 40
26 12
179 187
196 44
180 130
120 59
91 102
39 107
168 78
10 94
121 198
146 93
64 46
36 51
198 45
78 1
7 158
129 14
98 86
147 200
36 159
165 45
104 172
135 158
125 35
183 109
160 197
40 37
122 0
113 64
46 199
133 95
133 183
38 147
101 192
110 47
12 197
37 137
168 25
134 67
199 113
44 61
0 55
73 101
195 98
84 161
24 39
154 0
39 93
172 156
49 16
13 84
188 72
86 121
188 90
97 106
53 142
57 141
74 193
160 4
121 42
184 31
140 112
31 199
66 184
150 189
125 48
63 44
10 49
39 12
53 72
46 183
79 73
29 182
105 97
20 113
142 161
91 130
68 192
171 154
189 140
149 57
173 9
48 39
166 145
167 149
75 6
42 197
105 84
200 83
125 100
182 29
47 115
75 98
144 47
3 21
191 126
43 171
146 21
127 151
136 188
21 24
102 131
11 181
120 89
152 148
107 99
113 172
55 107
0 71
138 144
74 130
94 41
94 3
91 15
97 161
158 28
45 72
192 71
162 19
34 192
30 85
114 137
129 37
60 46
34 71
132 18
88 91
7 181
104 80
9 5
122 104
40 42
155 19
29 187
102 134
57 119
47 75
21 150
192 55
173 138
13 21
128 170
182 196
89 34
136 186
169 119
115 57
95 195
98 8
85 31
32 18
127 156
144 137
136 34
172 21
141 24
190 89
188 177
145 10
61 174
159 0
132 104
91 130
175 9
5 91
21 50
44 19
145 152
62 78
98 142
152 187
50 117
88 163
83 76
146 111
84 23
78 79
34 114
60 2
87 5
111 115
40 4
154 164
1 86
177 56
68 10
172 128
163 131
143 132
134 159
117 165
148 134
71 117
126 125
122 111
31 23
4 145
18 70
0 142
48 103
165 81
181 76
58 181
162 65
130 111
178 94
180 200
154 93
97 39
130 163
27 96
84 103
158 18
89 184
92 192
43 70
160 31
60 197
181 110
157 21
167 157
149 185
167 156
71 71
114 127
123 127
59 31
106 199
197 139
41 38
139 135
11 87
152 12
4 177
152 73
127 144
110 130
157 6
127 57
141 131
112 174
140 187
159 15
135 160
129 15
91 76
197 149
94 127
131 116
149 148
186 126
148 77
138 85
28 17
10 56
111 137
0 107
61 124
193 27
198 191
59 55
56 34
155 48
4 5
92 64
36 143
136 2
187 126
185 91
63 84
23 127
124 115
1 10
138 94
192 171
68 156
171 148
199 192
181 75
64 157
102 90
39 200
132 112
91 182
76 1
131 45
35 144
85 105
60 147
28 199
143 128
22 8
184 68
137 68
107 197
10 45
132 118
52 64
0 166
74 184
25 97
161 148
184 183
44 87
127 11
12 121
13 10
194 82
46 110
169 194
89 88
59 124
33 181
99 121
177 57
4 61
140 196
74 26
30 100
80 191
8 71
39 33
39 157
2 39
84 27
180 176
50 143
161 183
185 16
61 124
152 126
20 138
127 72
7 176
29 86
186 151
87 199
108 197
143 193
83 134
38 30
133 153
109 168
41 69
177 100
15 141
162 64
177 112
34 131
157 67
99 23
35 88
44 62
186 74
17 121
41 73
187 164
193 8
2 52
27 36
37 32
49 122
115 144
52 132
126 194
132 69
192 67
117 76
173 130
85 159
139 0
154 115
82 54
123 107
106 157
178 61
60 154
68 20
108 105
98 156
40 186
86 184
84 161
14 184
19 112
170 131
74 39
177 118
68 48
62 195
138 179
131 88
82 19
110 194
169 35
68 91
134 162
136 137
33 188
2 149
71 47
33 172
133 124
137 130
126 91
134 153
142 54
143 91
197 6
110 85
139 149
59 122
70 130
28 0
182 200
87 33
129 35
161 131
114 40
58 50
118 80
72 148
26 58
57 160
186 111
190 133
32 58
188 149
97 182
156 93
140 58
46 132
30 189
21 35
38 192
80 165
109 54
115 85
23 79
189 111
100 131
116 200
129 91
43 108
81 134
195 30
186 191
180 61
180 88
170 75
32 122
92 108
102 180
81 15
112 22
171 132
107 43
17 72
178 30
125 119
192 132
154 111
159 145
46 91
54 58
148 3
180 93
7 197
14 161
146 109
62 96
107 190
112 144
175 179
187 121
112 106
105 77
198 2
185 113
28 10
111 24
36 114
58 23
161 156
194 54
52 108
87 119
197 41
11 18
133 17
74 13
112 8
183 54
79 41
68 67
172 112
187 92
130 185
195 16
124 55
40 37
172 161
41 125
115 153
42 175
14 145
161 100
14 179
169 39
173 126
105 127
47 54
151 164
127 195
81 189
60 0
22 168
89 110
175 90
162 46
51 95
96 4
33 162
191 174
179 180
107 102
122 18
149 140
57 86
125 21
14 182
41 31
42 114
132 190
46 89
186 155
172 117
109 176
7 185
135 77
99 78
191 70
33 78
12 170
187 178
43 134
121 168
93 157
74 193
22 136
159 99
7 182
137 168
104 161
186 116
68 153
92 47
171 167
88 137
74 78
140 192
83 26
96 94
9 60
158 176
45 121
129 48
47 162
178 107
37 94
16 68
34 25
199 126
106 127
138 107
129 91
112 102
78 156
37 138
80 123
74 11
45 155
54 137
166 190
117 140
146 67
20 189
108 172
119 46
173 130
94 67
158 47
87 39
49 135
75 200
157 176
171 198
198 25
200 119
142 4
125 50
50 97
132 42
31 90
151 197
192 120
155 36
87 150
5 88
96 79
141 94
114 100
81 65
121 193
31 29
41 172
16 128
16 90
23 120
95 147
50 86
35 151
151 94
25 183
70 151
70 114
166 57
91 47
137 79
123 169
8 101
1 136
90 50
138 32
170 15
32 95
42 65
66 9
98 194
138 124
75 188
94 106
20 170
146 154
97 146
128 92
81 108
138 99
176 64
5 20
30 33
175 78
179 151
57 16
80 129
139 11
15 82
62 10
47 199
140 15
192 63
109 194
126 154
134 6
122 46
38 156
86 193
134 180
90 152
65 153
63 28
152 54
51 9
169 139
123 122
20 3
141 62
95 20
131 192
71 52
97 117
141 154
64 74
120 110
107 28
69 75
161 145
83 126
86 185
5 118
152 198
93 74
160 119
98 114
150 85
122 19
198 25
26 64
181 46
140 28
130 97
87 83
139 183
61 4
44 77
173 68
118 158
168 71
67 30
170 60
72 24
195 60
181 51
92 190
141 110
182 43
161 143
75 99
130 5
78 98
122 7
24 43
108 170
62 200
61 108
57 91
154 52
50 60
47 56
44 29
59 18
4 94
173 182
21 91
80 11
2 167
198 147
165 109
26 181
183 172
117 126
174 195
112 148
100 51
78 196
163 109
155 86
154 28
195 78
188 3
168 114
107 149
57 39
53 114
112 97
11 54
123 61
54 156
44 154
150 76
126 103
81 159
5 90
71 87
17 85
99 116
154 29
115 21
108 133
46 6
28 115
60 28
63 138
136 37
96 87
200 120
164 44
115 43
169 83
100 198
166 118
133 109
80 42
184 18
55 102
31 46
142 81
55 101
96 70
25 170
193 13
147 5
185 97
15 95
60 50
30 29
101 108
117 125
14 95
28 127
108 128
3 130
181 46
130 5
134 184
109 33
128 132
116 45
98 155
194 61
170 49
145 173
94 20
175 11
186 39
119 23
8 17
45 22
75 20
67 123
157 183
76 118
169 75
84 111
55 81
103 170
62 46
65 80
125 59
151 17
87 173
103 13
33 173
66 22
32 89
157 41
20 188
1 27
26 15
135 21
78 49
20 85
24 120
75 9
1 96
38 36
67 137
135 28
22 188
88 77
44 50
35 80
44 114
96 127
101 142
120 173
84 79
78 33
115 14
111 82
28 78
51 158
14 104
102 153
106 138
183 63
89 65
134 36
55 102
141 57
19 14
196 129
4 134
156 116
37 180
20 19
115 111
112 117
122 130
3 14
115 101
177 53
70 144
48 79
93 13
4 49
147 192
103 77
29 135
18 16
97 26
161 45
46 136
78 14
122 102
50 169
107 28
81 127
22 32
176 5
192 174
91 53
23 122
191 124
195 161
12 96
8 62
155 74
55 25
69 107
168 179
10 151
5 104
41 164
63 43
11 200
151 125
68 109
21 151
2 108
149 71
182 154
94 101
157 18
49 140
172 107
137 131
199 61
5 69
6 82
27 74
76 25
146 168
189 130
197 200
200 121
60 45
70 104
58 41
170 190
101 5
183 129
109 153
25 180
180 7
55 12
171 168
175 102
120 62
115 5
2 150
131 195
62 9
60 161
0 22
150 58
21 83
53 24
164 197
115 101
67 134
46 171
20 160
67 44
184 46
17 180
54 72
193 77
15 169
64 11
156 183
110 23
181 157
128 58
159 101
112 88
162 120
89 164
112 129
119 44
161 167
82 132
149 48
46 86
200 41
1 66
123 124
76 162
153 186
100 189
170 12
96 74
118 145
198 81
7 62
141 59
198 178
69 59
94 69
89 161
2 102
150 197
27 169
18 95
92 14
139 95
146 136
0 38
18 130
86 118
158 114
124 20
100 65
37 4
10 143
61 163
200 180
142 46
199 186
71 97
122 16
169 43
141 25
33 66
138 87
187 150
57 116
144 35
129 179
177 169
133 36
69 101
110 29
139 8
103 45
55 15
131 71
176 1
42 189
173 160
20 166
55 186
175 166
186 22
21 88
13 45
85 200
46 128
74 96
6 149
37 135
17 178
168 87
64 188
134 5
57 198
14 73
132 33
83 190
7 15
49 191
175 79
104 10
91 104
108 167
14 191
94 74
121 68
191 126
27 100
127 134
105 189
112 179
110 189
146 168
157 76
179 183
28 168
37 137
197 110
186 172
181 38
25 3
146 20
55 123
175 42
110 87
115 187
33 121
83 2
82 112
198 62
29 30
166 156
168 101
38 81
77 154
134 131
24 84
166 124
185 114
4 126
177 87
41 122
119 108
182 197
35 135
65 89
150 117
49 97
96 31
83 33
137 185
139 150
96 64
24 28
86 158
95 135
105 4
178 48
43 162
128 174
141 200
162 30
134 148
49 46
187 53
97 156
53 45
11 118
95 112
62 180
55 26
63 10
20 48
150 33
35 189
174 154
188 23
157 23
2 180
142 81
81 89
82 113
177 57
7 137
50 16
2 190
137 66
21 165
14 47
29 56
99 27
38 24
11 111
0 102
99 77
129 33
147 142
126 80
172 79
98 71
199 162
65 34
51 115
188 192
113 91
107 126
178 118
11 63
72 65
69 145
137 51
189 97
157 81
150 12
67 34
89 59
26 31
72 9
134 184
86 77
79 28
193 129
144 3
61 122
38 124
3 70
55 143
172 181
106 66
94 45
156 134
26 135
10 182
41 74
193 124
154 15
42 71
112 22
177 7
42 200
41 6
10 185
7 67
178 35
55 167
110 90
184 127
36 127
20 73
44 97
80 6
176 11
94 69
170 72
197 149
34 179
27 141
109 103
120 86
92 18
68 101
175 184
142 44
39 28
189 157
122 80
128 90
137 70
170 0
73 47
21 65
162 12
118 30
48 200
127 81
187 199
105 49
16 116
35 196
68 192
98 125
91 161
191 115
108 30
73 83
48 107
193 134
197 88
164 60
150 41
158 63
52 140
200 150
8 158
3 51
75 95
110 105
116 127
78 134
35 5
152 169
125 84
148 25
85 62
139 32
175 92
20 115
103 167
115 145
60 33
12 40
197 53
58 3
170 13
23 18
180 188
24 194
98 128
71 5
115 75
77 27
141 194
52 0
58 16
50 195
128 128
53 139
176 178
173 141
154 88
79 168
177 43
6 60
12 130
0 189
137 188
193 114
183 150
138 51
155 10
33 110
198 91
166 111
49 120
196 128
31 127
78 2
51 62
196 0
49 162
69 21
144 48
86 178
135 96
197 23
12 68
150 106
46 151
139 61
8 28
39 190
138 54
27 94
51 113
62 127
166 22
154 31
129 153
148 7
110 53
9 142
154 182
147 11
45 189
160 84
40 100
13 85
42 103
169 133
136 100
146 78
161 192
7 87
99 112
109 197
0 195
184 89
48 153
8 3
81 40
184 62
8 198
84 138
99 98
173 98
70 118
80 14
13 145
110 76
57 121
7 180
183 17
188 55
75 136
140 55
131 69
56 133
60 8
83 14
88 116
162 71
155 165
194 100
147 57
42 75
61 0
92 167
40 25
164 37
5 107
160 86
160 54
136 31
133 102
98 121
122 148
106 46
14 109
195 45
93 66
180 62
140 48
76 8
90 26
68 163
58 73
23 13
12 118
25 199
53 120
49 42
0 181
31 76
82 53
39 193
130 58
124 184
27 184
132 112
123 37
17 106
70 20
153 94
77 62
80 69
19 69
181 153
103 161
50 100
95 0
127 109
189 175
103 123
127 144
189 189
200 81
161 96
0 97
22 121
88 125
144 150
177 193
78 187
105 73
29 24
29 154
8 107
171 180
74 90
169 88
76 28
12 100
105 61
99 90
177 24
95 70
184 15
41 153
131 185
177 27
50 54
32 0
62 100
35 38
33 90
173 176
52 69
49 175
15 196
136 27
196 159
127 158
1 159
101 78
25 22
7 53
179 107
124 70
6 187
95 107
128 11
31 145
55 48
103 26
14 107
178 21
139 85
13 69
11 81
178 122
50 13
150 161
101 174
12 170
163 16
43 68
75 146
25 170
150 86
57 39
159 192
126 153
55 1
187 19
113 129
196 128
53 98
154 92
58 190
100 165
86 187
60 90
160 121
155 62
19 68
69 57
13 1
177 25
91 129
151 102
152 79
167 79
7 198
157 81
125 150
127 6
163 82
51 100
9 40
184 129
20 35
5 14
90 24
164 98
87 75
181 79
141 130
199 139
30 81
186 72
37 22
123 64
67 195
167 146
30 54
95 190
47 110
99 130
52 113
94 27
86 59
44 123
13 165
23 126
143 187
199 76
162 38
182 150
155 129
44 179
172 126
191 145
1 112
112 145
153 5
153 181
69 23
57 104
184 122
128 91
69 190
148 61
56 107
146 99
31 143
69 66
46 16
164 164
75 55
102 97
45 16
188 38
52 163
22 43
63 9
162 58
127 155
170 158
34 154
38 110
88 128
98 149
86 78
193 22
190 122
165 139
85 26
147 62
96 128
16 135
100 200
138 58
174 90
152 14
129 169
176 88
81 31
140 32
123 198
152 26
167 8
5 52
35 31
30 177
189 0
46 105
3 159
101 171
65 198
172 52
23 24
5 192
12 71
20 1
22 86
178 144
116 36
156 71
179 56
92 30
58 137
104 4
36 90
16 119
187 123
100 151
191 142
151 189
181 141
191 46
105 175
17 90
156 89
76 67
28 76
164 17
194 74
169 157
124 117
69 148
104 121
74 95
152 106
20 74
120 157
99 192
59 80
189 22
122 9
78 85
58 110
13 33
68 181
50 31
94 147
167 143
36 13
48 177
37 108
47 20
33 75
130 177
92 42
22 43
122 103
101 103
32 172
168 42
155 95
5 110
35 135
67 142
116 71
3 124
194 51
75 71
84 35
34 55
78 49
43 81
41 119
8 32
177 56
182 169
78 128
102 74
183 59
159 184
28 162
48 185
63 49
151 109
173 58
121 48
71 133
43 95
113 190
61 58
18 68
95 19
179 41
110 184
69 136
25 50
66 60
51 184
73 106
185 1
98 45
138 86
85 133
94 127
186 160
177 56
130 132
114 68
154 12
126 94
141 193
114 0
124 87
161 0
95 200
178 184
187 147
13 185
2 126
8 53
116 148
157 58
110 37
21 96
166 88
136 151
33 75
160 89
155 114
27 57
181 179
198 185
97 2
176 93
60 116
8 159
62 125
190 27
133 101
126 112
194 131
64 96
39 53
123 157
48 152
60 59
136 134
70 190
40 17
130 141
140 74
189 168
158 179
86 12
114 142
2 129
39 46
25 102
18 16
158 148
134 93
98 44
110 12
23 176
98 14
47 181
191 82
56 29
97 100
100 55
72 110
193 152
189 69
60 38
165 102
159 162
124 178
161 32
129 193
8 197
61 37
168 186
41 158
185 112
63 151
143 35
116 145
166 142
197 79
102 72
119 66
60 184
80 108
104 58
9 150
130 200
194 83
2 176
184 103
120 26
132 30
33 16
20 118
190 108
24 91
116 113
65 94
135 92
137 195
136 83
122 109
129 8
133 145
29 185
126 88
20 110
104 112
6 148
127 193
114 182
129 77
151 84
40 114
32 196
157 40
152 28
115 149
46 74
168 123
72 124
44 147
171 168
50 47
40 69
34 51
87 129
4 89
181 77
160 173
67 49
65 178
137 28
89 152
129 37
52 134
190 45
134 102
157 133
90 171
159 188
19 138
16 101
90 72
187 2
150 1
29 160
130 81
135 19
134 38
138 133
42 178
10 94
11 33
20 24
77 73
18 152
6 113
155 111
43 93
74 195
151 133
193 1
155 199
61 179
140 130
53 54
107 29
78 124
135 185
17 39
106 119
44 40
3 70
73 136
166 16
140 176
4 15
7 61
25 28
135 192
194 142
161 96
17 170
48 156
79 45
140 165
90 196
57 125
49 70
63 178
120 31
149 143
171 56
109 23
77 159
167 35
61 142
97 147
35 145
4 123
148 6
198 99
98 38
164 179
97 12
196 78
190 140
132 75
2 44
20 48
12 145
112 1
62 123
25 149
94 21
36 112
152 116
101 106
167 65
177 128
106 33
172 74
124 172
102 57
74 105
112 59
182 74
135 88
65 133
134 47
159 198
128 69
58 154
40 149
142 24
27 53
193 200
88 48
70 140
197 96
10 94
165 76
165 158
21 196
21 9
194 180
156 196
103 159
111 136
162 179
6 149
98 191
76 2
138 100
189 122
180 75
43 61
139 102
190 128
0 0
191 95
3 51
118 133
111 158
127 33
181 196
94 97
20 158
95 140
172 107
153 90
137 55
61 128
28 135
82 56
67 50
66 92
37 110
185 150
151 116
79 11
138 128
157 132
28 38
180 165
51 22
120 82
47 78
56 65
69 118
195 160
129 122
17 138
50 9
192 200
39 22
187 83
63 98
23 131
97 40
18 149
121 119
74 122
135 52
99 83
8 158
120 168
187 74
149 49
20 159
39 22
166 90
84 181
185 165
152 151
23 21
74 184
178 87
3 143
57 135
21 185
23 70
97 78
159 152
36 13
197 144
83 145
171 32
35 53
160 58
124 193
79 114
122 112
68 0
128 108
180 76
78 55
134 28
188 98
96 165
159 97
195 149
72 187
36 189
83 180
21 198
102 143
199 80
49 5
71 90
16 1
69 99
93 14
185 55
132 52
97 94
23 155
15 75
194 200
80 177
172 148
47 185
92 140
123 200
139 177
58 150
128 8
63 7
38 3
82 134
134 7
190 43
195 171
120 58
29 188
62 67
133 171
107 53
182 109
12 151
136 7
143 5
86 150
170 200
62 68
200 100
188 21
23 95
135 35
193 8
154 21
68 105
108 198
144 143
185 148
51 156
46 1
60 189
80 198
123 197
12 161
141 27
89 145
92 10
58 19
49 49
166 22
120 185
125 157
58 44
104 19
54 142
84 87
97 23
44 191
106 98
26 165
101 170
102 116
140 166
68 183
40 187
66 89
105 131
119 120
186 200
71 182
49 198
98 80
120 185
130 12
7 121
36 80
18 122
152 80
129 71
13 65
164 197
98 159
37 170
168 88
11 65
167 21
110 139
61 47
77 52
182 146
107 127
95 190
183 31
37 6
94 124
143 164
113 31
0 75
3 1
133 66
178 118
154 81
18 47
118 188
148 77
67 111
28 125
38 52
60 160
31 158
70 191
35 134
33 105
160 81
95 1
131 43
175 31
113 175
85 52
75 4
64 69
1 49
67 133
127 48
159 142
170 106
53 127
118 150
102 19
170 24
104 81
84 38
33 111
96 134
44 190
153 52
35 42
151 67
169 193
114 174
7 141
98 67
67 177
124 184
138 187
71 1
84 175
97 175
8 171
197 10
11 150
62 97
139 2
115 172
71 40
35 43
112 93
158 30
13 85
199 75
3 14
155 38
145 73
42 170
114 55
165 71
149 144
179 112
8 142
79 100
104 150
14 167
178 189
108 182
147 88
90 121
108 177
186 16
83 106
29 151
145 2
9 110
109 134
55 107
110 148
63 55
10 104
99 114
45 105
168 190
45 139
9 127
187 118
126 15
1 18
79 123
25 106
148 121
37 143
28 103
129 29
48 184
4 32
5 158
136 149
116 117
11 71
108 43
113 18
175 163
192 174
57 142
36 79
182 120
131 129
59 93
122 25
69 59
162 178
110 183
53 38
38 74
177 77
20 40
15 95
7 53
100 173
102 200
15 105
48 141
19 38
79 82
143 68
154 71
193 169
129 52
183 170
141 102
117 8
72 0
198 196
128 176
104 0
76 4
106 149
134 187
154 11
148 46
156 64
153 176
36 193
84 138
50 94
92 44
115 179
113 97
0 69
154 26
149 75
56 100
53 43
158 88
40 104
150 113
135 142
44 40
154 163
99 27
154 45
87 35
166 167
114 100
50 69
87 46
173 131
100 113
10 185
36 105
63 147
68 198
126 58
176 183
53 199
59 43
154 9
149 168
125 91
172 173
35 192
59 73
96 154
149 174
160 49
98 127
178 59
180 44
126 170
120 113
38 106
157 11
75 34
186 145
29 32
111 169
27 24
0 118
185 107
154 78
185 73
113 124
20 179
137 20
154 69
29 146
116 11
75 169
167 28
76 55
168 116
101 32
99 145
51 44
148 133
117 167
164 17
49 42
76 189
33 29
34 189
103 73
28 29
30 10
186 84
75 83
66 57
50 182
128 146
148 177
154 169
136 115
89 15
39 71
79 4
198 9
105 38
89 128
166 112
8 136
18 162
71 198
55 14
195 62
161 44
20 154
52 78
132 34
70 160
4 59
192 30
43 83
111 57
52 4
72 181
167 146
177 111
178 5
156 83
82 82
0 169
105 53
119 175
34 0
43 165
50 52
174 86
54 19
152 99
168 0
51 80
190 64
24 107
166 22
22 121
179 118
150 151
87 50
94 155
38 11
41 155
23 56
45 127
80 36
83 50
96 71
60 0
44 79
128 163
119 28
133 100
166 75
164 170
53 182
2 129
79 91
41 177
167 193
138 53
71 69
43 135
21 156
110 93
186 121
198 31
35 147
126 196
176 37
176 78
111 38
61 168
113 70
148 171
48 154
37 153
80 76
109 112
48 23
159 92
134 193
115 165
49 166
78 13
161 86
159 115
39 124
161 77
54 121
65 120
79 100
136 110
192 62
97 187
196 11
125 165
144 44
22 10
117 125
164 100
98 163
64 103
134 58
69 38
181 80
82 166
156 151
66 66
68 171
149 113
153 47
144 108
159 127
44 184
194 55
119 61
85 185
146 141
123 128
138 108
155 156
140 93
104 1
53 152
4 63
175 138
78 120
141 25
61 186
27 104
155 91
89 121
29 155
140 37
189 12
59 52
63 164
76 159
26 63
175 56
110 43
144 99
199 124
51 113
50 161
32 119
87 100
108 168
83 93
160 145
151 147
166 92
21 130
93 0
5 195
83 106
12 1
156 136
68 99
90 35
43 52
49 99
21 31
109 11
143 114
55 125
81 170
132 105
40 41
111 74
104 146
80 169
34 183
37 99
198 181
107 176
118 168
45 22
139 114
40 130
156 118
82 103
1 128
105 69
29 52
54 139
52 200
177 178
71 74
28 139
115 28
20 73
159 95
107 169
108 82
158 44
158 82
29 16
14 160
13 151
40 98
115 196
7 151
195 77
17 185
154 154
161 44
165 148
140 18
121 125
45 73
30 18
185 9
45 77
162 102
66 77
157 27
31 31
121 82
95 15
169 190
174 166
82 62
125 156
177 172
49 183
103 101
106 155
192 87
114 21
103 43
156 131
184 65
193 106
101 188
127 180
63 113
97 73
170 155
180 138
42 90
160 13
128 124
102 47
21 151
99 54
165 89
4 11
154 25
50 120
191 126
38 52
125 67
83 87
52 115
33 111
28 101
89 126
90 70
82 179
59 95
82 92
169 43
18 23
181 80
152 191
17 157
147 144
196 26
146 63
196 110
5 125
96 98
5 137
38 68
50 66
146 178
82 126
183 122
136 120
67 26
116 47
26 181
108 49
84 43
90 92
23 10
9 176
180 44
57 146
104 122
167 98
114 138
8 194
98 13
169 63
187 90
59 36
39 103
55 118
164 86
156 169
85 158
2 48
153 99
39 128
46 145
96 59
93 30
193 132
136 86
71 102
62 60
170 178
146 65
75 54
83 86
18 130
197 119
13 185
122 143
111 178
92 43
46 69
132 113
164 1
183 163
37 129
39 93
165 180
186 145
148 40
119 119
198 117
165 85
155 145
100 198
7 183
111 55
148 95
89 148
129 38
192 162
23 170
141 64
98 124
39 45
42 188
115 1
19 10
131 0
65 165
0 12
40 41
160 175
28 0
82 106
108 12
198 127
72 64
185 196
30 83
131 7
7 34
140 109
130 92
152 152
164 115
65 153
161 161
18 108
42 136
8 28
68 51
6 94
197 4
102 106
164 72
130 59
157 70
186 133
179 193
73 195
40 116
73 87
187 191
113 169
47 59
84 161
148 26
109 65
182 120
12 119
174 167
1 104
184 8
28 87
156 186
168 46
113 66
14 42
89 114
197 36
147 170
18 104
9 128
10 62
104 193
140 137
156 177
144 129
127 17
76 145
131 134
66 182
28 32
158 47
22 19
142 67
33 28
188 175
21 32
67 77
103 20
77 116
77 197
186 115
112 52
179 116
4 163
45 122
165 64
137 97
44 67
103 47
127 168
127 86
134 114
179 83
176 107
56 48
48 157
141 83
110 185
119 56
55 41
26 52
44 7
10 127
78 41
15 64
65 137
152 145
5 164
46 185
60 172
115 53
38 29
60 183
85 7
100 199
91 75
44 82
33 181
157 27
156 100
169 20
6 166
187 119
114 81
5 39
134 138
118 172
83 42
192 58
12 165
181 7
67 163
70 184
55 67
6 49
96 140
139 113
29 145
99 178
104 83
164 102
45 9
99 46
14 137
189 21
9 153
57 99
14 185
68 28
195 169
155 15
133 108
125 108
128 190
10 33
64 69
61 14
167 64
94 24
71 125
34 38
52 151
94 69
150 62
131 142
134 128
199 121
142 168
190 83
190 19
162 54
74 97
10 129
145 97
102 173
74 120
25 182
81 170
181 190
28 116
169 155
60 2
155 33
100 176
105 23
132 172
150 109
13 156
136 102
158 107
189 32
152 45
170 41
27 80
69 182
53 24
85 131
189 156
138 64
3 176
143 1
154 85
54 164
188 133
164 177
132 171
54 19
195 154
99 190
12 23
197 144
124 105
133 194
133 115
151 92
29 184
79 114
72 122
118 160
1 179
183 103
138 52
103 84
44 137
3 6
194 74
53 183
8 130
91 19
9 68
78 133
68 59
122 5
130 46
192 91
171 8
100 116
92 150
185 12
20 92
24 173
156 98
49 175
90 117
121 12
2 51
140 10
149 124
36 32
67 116
48 106
129 109
172 55
11 4
23 188
134 102
80 99
125 50
93 77
102 159
116 115
34 45
117 10
23 74
64 144
122 134
65 120
98 8
65 19
186 143
4 34
42 114
113 104
48 60
14 159
138 121
25 1
161 23
197 83
0 108
97 26
185 190
90 58
161 35
132 133
35 173
156 16
132 128
101 128
16 150
191 93
50 178
77 186
125 153
1 109
107 98
186 86
177 178
33 151
20 149
52 179
68 53
188 83
169 75
21 102
194 80
61 162
28 179
187 1
137 19
163 80
133 20
19 26
40 153
64 183
48 157
124 193
106 64
161 17
87 136
69 138
156 29
3 59
101 112
18 15
3 83
177 29
81 78
96 111
52 32
87 110
137 187
12 96
7 87
14 74
113 43
142 108
150 145
195 113
47 64
72 164
4 143
33 195
52 159
33 29
93 140
74 191
1 22
124 6
86 32
22 74
38 111
28 177
63 125
124 137
56 106
46 10
162 155
69 20
46 73
48 20
83 116
54 21
75 41
114 62
89 139
82 5
74 148
91 116
55 195
72 66
107 83
8 150
163 3
139 152
10 110
171 129
20 22
90 144
102 12
29 164
62 175
167 54
163 177
11 87
0 93
103 111
169 25
30 55
60 149
51 60
152 134
74 17
158 23
147 20
91 115
159 172
45 52
71 11
75 62
120 64
127 96
0 91
91 146
178 194
109 40
8 51
130 13
131 7
83 195
106 153
63 146
154 174
29 15
8 24
165 37
107 56
171 79
79 177
29 198
109 0
180 102
89 5
25 142
93 38
112 29
157 23
43 140
130 78
140 19
54 56
81 200
26 135
100 56
80 85
144 74
17 157
76 24
161 123
143 81
126 176
72 130
27 13
122 129
47 20
129 152
22 198
10 161
155 57
81 126
49 85
166 157
110 86
131 75
111 126
95 186
25 94
197 7
63 19
141 102
100 65
115 24
160 85
27 64
121 3
113 166
148 175
136 77
126 167
122 128
7 5
9 132
20 63
112 195
73 33
92 39
178 164
187 10
189 141
186 193
107 97
84 65
67 167
194 85
56 134
65 136
75 105
141 156
46 1
115 48
86 38
37 127
176 192
101 9
5 170
86 99
193 136
197 16
46 91
14 58
51 39
157 22
114 175
143 79
72 182
11 15
189 45
175 97
51 93
129 68
54 49
193 147
129 45
41 6
177 152
1 84
198 76
153 51
57 125
186 66
100 151
81 179
18 59
189 193
119 181
166 11
102 83
134 114
184 160
124 187
158 111
177 7
49 102
32 159
101 8
186 68
85 10
143 184
145 106
142 125
181 200
141 37
168 112
49 134
89 24
31 157
71 99
140 169
194 93
162 82
189 77
164 141
50 42
185 1
79 127
32 25
166 140
54 121
118 119
128 157
94 9
14 143
140 108
115 74
162 90
37 41
46 37
152 181
5 77
199 11
128 86
50 33
196 191
51 199
196 186
126 76
134 13
33 169
134 70
15 55
83 27
74 6
131 122
58 172
1 4
26 34
149 25
116 112
9 197
75 36
138 81
41 3
151 87
175 12
162 99
160 2
131 102
93 171
38 64
54 122
92 144
112 146
179 89
56 15
157 69
145 192
173 86
113 61
155 191
60 157
121 81
1 93
36 178
70 60
25 45
163 192
81 13
67 152
21 53
8 134
129 12
75 9
68 85
42 16
177 131
102 1
6 117
163 14
79 54
17 108
184 96
85 33
83 148
56 82
156 176
137 57
51 111
73 140
74 197
26 162
6 194
33 6
97 193
56 150
31 4
73 28
35 143
141 83
92 68
136 74
109 96
26 153
16 185
92 192
102 54
145 60
199 152
127 0
113 52
166 114
90 78
44 12
30 132
36 9
115 96
147 97
26 178
72 73
98 133
101 180
17 93
102 137
132 178
101 53
185 74
186 180
163 173
182 105
172 173
10 146
12 152
119 135
191 59
44 40
106 16
190 23
132 131
8 14
55 137
58 97
172 144
86 155
197 112
162 97
26 151
141 2
185 188
188 19
19 104
192 100
179 30
95 98
45 114
134 4
147 128
121 55
126 181
194 23
60 96
176 170
81 64
148 8
119 65
126 73
68 200
59 113
160 151
28 42
182 38
104 119
130 42
175 90
20 190
182 83
92 104
95 58
51 174
34 112
199 83
6 134
27 185
147 77
59 90
142 85
46 28
58 85
96 153
160 143
4 74
47 118
34 136
177 123
184 61
44 151
10 122
129 53
31 84
15 64
102 99
13 134
4 176
98 43
54 87
99 155
141 106
156 116
122 6
80 155
43 3
93 92
38 61
70 119
91 184
125 185
83 49
146 142
136 99
146 39
194 63
73 167
162 111
9 23
84 61
80 60
89 41
64 50
173 99
173 46
172 130
18 187
13 31
24 77
79 170
93 28
2 36
136 94
99 191
155 124
9 110
86 84
176 30
68 170
37 92
165 95
125 9
192 145
108 131
22 16
10 150
113 185
4 127
118 66
42 120
156 109
153 157
15 143
103 136
76 29
187 35
132 158
154 177
56 156
25 28
155 36
169 13
148 38
183 74
125 165
176 15
98 157
149 75
14 2
37 127
131 103
110 114
79 16
93 104
149 82
194 195
53 193
183 156
147 38
5 75
136 53
24 189
169 161
82 174
175 57
172 193
170 110
190 93
6 71
3 59
194 61
153 24
79 165
195 141
57 31
85 44
1 183
145 147
180 56
33 105
66 51
41 189
54 115
31 121
166 32
61 146
78 11
27 121
118 40
179 152
45 21
106 129
10 127
71 144
170 45
139 82
105 54
138 75
44 35
71 153
17 136
3 135
134 3
175 93
114 91
133 161
124 54
9 188
19 65
104 4
161 10
188 101
147 162
6 71
87 105
180 24
164 169
163 169
96 70
83 102
124 179
161 112
124 21
43 140
106 144
166 98
46 151
145 65
178 17
199 79
79 188
152 54
143 130
157 90
89 22
3 147
104 81
160 193
184 32
72 166
31 92
94 177
139 60
182 147
147 98
136 6
175 56
172 192
129 135
149 133
144 185
68 50
2 49
196 50
20 83
133 169
3 194
7 52
41 150
169 84
32 119
8 33
104 12
122 83
139 134
192 81
17 54
28 67
28 23
120 102
134 142
174 54
195 26
172 154
6 190
139 1
73 40
152 90
99 93
78 57
174 40
115 81
51 59
78 48
173 13
0 20
46 25
161 127
185 7
177 73
124 114
60 6
11 61
39 176
161 102
103 134
35 60
27 73
143 78
45 5
191 107
133 187
183 46
194 197
164 69
14 61
113 189
40 96
97 116
59 36
169 78
52 169
107 30
31 139
44 127
149 95
140 140
47 156
190 194
184 184
112 128
171 189
184 191
26 1
71 142
21 38
18 26
126 5
121 164
26 43
181 153
16 128
105 155
19 162
98 144
135 155
127 190
57 19
27 120
74 70
96 38
31 72
65 138
65 123
32 89
162 53
103 200
131 90
161 94
132 170
134 126
196 72
25 183
81 182
43 200
117 62
95 156
23 189
131 68
144 119
75 70
194 169
185 79
38 82
114 140
5 0
189 114
139 24
61 175
184 76
19 173
33 46
200 54
39 47
6 164
162 53
156 10
93 49
61 40
77 188
166 4
37 144
51 152
87 127
4 47
121 138
122 11
44 1
81 153
149 177
137 75
163 165
87 10
78 20
133 72
17 123
13 72
1 139
86 172
79 39
127 169
59 15
71 53
101 46
146 89
179 146
121 94
131 188
157 78
135 192
100 64
3 35
21 13
124 103
165 7
125 23
177 168
101 45
183 105
113 89
121 200
94 105
22 58
61 118
10 186
35 126
103 85
194 29
109 13
36 62
34 190
188 110
27 116
135 130
59 198
154 121
187 87
108 76
196 192
167 109
141 182
74 140
185 2
131 193
28 108
173 152
12 155
167 160
38 158
79 43
34 120
111 15
83 94
2 65
126 133
19 16
98 11
132 107
58 17
18 4
158 32
35 55
66 75
9 78
47 84
170 180
136 24
161 29
130 154
29 36
10 80
143 114
73 50
73 67
26 14
18 10
28 185
60 78
28 174
28 117
93 113
166 197
11 113
164 60
124 104
14 85
180 69
17 121
185 157
119 100
5 175
32 114
170 192
124 15
113 145
21 109
23 45
151 45
155 97
25 143
52 181
6 20
184 122
8 14
66 9
59 6
157 43
157 56
33 159
196 65
53 15
91 26
189 130
95 83
90 16
93 59
147 58
176 80
83 176
188 164
184 170
69 185
116 21
88 37
55 15
86 149
68 40
128 96
137 83
148 126
171 113
198 67
172 134
175 53
196 92
183 31
156 56
124 145
91 47
54 96
4 12
81 103
142 179
56 189
100 191
1 104
153 77
19 76
152 109
53 152
157 121
26 200
178 21
185 111
0 107
152 8
79 40
175 136
62 96
128 26
190 52
116 5
51 7
16 182
165 198
147 25
44 46
9 136
85 16
193 62
33 96
180 149
94 0
146 13
157 34
143 79
137 32
58 140
134 174
175 195
172 194
58 57
61 61
6 36
152 55
30 41
149 172
85 117
35 43
45 154
161 69
92 135
118 59
64 128
104 147
190 121
110 165
183 138
14 50
166 122
150 36
125 192
40 193
44 162
37 174
78 41
40 68
141 42
104 171
71 165
163 159
149 72
43 106
163 166
72 191
65 116
0 46
54 89
102 187
187 177
14 39
45 93
153 151
83 17
128 87
15 156
159 21
80 159
157 143
39 76
82 74
33 125
88 87
58 8
168 67
102 110
75 29
18 10
20 69
155 125
59 170
89 118
60 15
9 151
98 112
126 128
199 137
17 11
129 181
1 144
1 75
181 98
154 68
0 27
97 4
17 86
47 115
74 155
63 137
135 130
27 123
84 77
143 41
6 141
6 1
59 184
42 24
83 78
185 71
107 59
41 97
198 183
180 193
63 3
185 23
25 86
97 81
133 31
168 106
152 81
158 163
73 154
188 149