50
31 26
26 38
20 38
20 5
18 42
28 4
14 4
13 30
15 19
3 42
47 28
32 1
12 23
27 32
32 26
23 18
26 20
15 40
10 39
39 43
23 36
49 9
49 38
34 3
14 43
10 1
46 23
44 27
40 17
35 32
43 0
26 10
29 29
35 4
6 32
14 50
35 7
30 6
39 7
27 19
5 45
15 3
3 1
32 11
46 36
34 1
26 11
32 24
44 41
38 35
45 23
4 14
47 2
5 43
32 14
9 31
4 33
46 9
32 4
30 27
4 31
21 11
33 36
18 4
22 41
6 0
18 27
0 7
43 20
34 32
40 2
25 24
6 22
50 28
38 21
43 23
6 15
44 32
42 12
38 46
38 3
19 3
22 19
12 4
49 16
6 38
43 28
32 14
37 50
7 19
36 46
12 35
37 38
43 20
3 26
38 20
23 28
29 2
40 30
29 19
46 41
35 6
0 12
33 8
28 26
33 9
14 6
3 2
30 26
24 18
7 45
50 35
49 1
32 12
30 0
5 33
15 44
4 16
17 13
2 14
14 36
24 21
31 41
39 7
6 10
32 12
23 13
38 24
33 33
33 42
32 11
29 47
46 50
26 49
30 36
49 42
30 35
38 21
11 16
23 5
16 45
18 26
15 6
23 13
11 25
29 35
14 8
6 11
22 41
39 6
49 34
22 3
8 11
46 22
41 29
8 4
49 29
21 2
18 38
45 28
50 29
38 20
50 22
15 43
17 30
16 16
18 7
26 43
28 37
4 19
10 25
42 39
0 17
12 9
41 17
1 36
34 38
47 1
49 16
18 11
29 15
22 27
4 44
28 26
36 30
12 15
26 33
4 11
36 5
50 1
41 36
6 11
15 24
14 43
3 34
14 30
36 40
2 2
34 1
7 6
50 33
47 30
38 8
40 12
14 2
44 8
9 22
24 24
37 14
31 24
0 44
34 13
34 35
42 15
2 13
34 2
40 15
37 47
32 14
7 33
26 30
8 4
14 10
22 17
48 43
9 7
28 5
6 24
19 49
25 2
23 0
33 26
35 46
37 7
45 44
7 6
0 33
0 0
47 12
38 49
16 34
45 22
13 12
25 21
11 48
30 46
7 48
47 14
48 35
47 47
46 38
38 30
35 6
12 50
12 13
34 21
0 18
6 32
5 19
12 1
46 16
41 16
13 25
35 44
39 24
8 41
24 38
8 39
21 15
35 50
46 48
36 32
4 36
30 43
41 13
7 21
7 50
44 5
44 49
44 47
32 36
38 4
48 15
41 3
12 45
12 31
14 43
37 22
18 14
27 3
45 19
34 31
42 41
10 3
47 12
30 31
44 22
47 46
12 15
15 15
6 37
28 38
30 3
16 20
25 4
23 42
50 27
7 18
17 23
2 34
22 12
16 9
7 33
32 50
33 44
9 33
0 14
30 47
18 2
8 40
49 7
43 0
12 48
19 22
31 0
25 20
46 18
32 5
10 36
39 25
34 9
31 10
45 49
47 33
15 23
14 4
33 42
50 20
10 21
20 1
46 31
16 22
5 17
29 29
4 41
42 7
38 43
23 31
21 19
21 49
48 31
43 13
36 12
12 27
5 11
16 26
34 16
26 29
44 21
25 48
11 22
8 9
3 45
44 44
48 2
35 45
18 17
31 12
0 6
43 20
4 18
41 32
48 45
9 44
42 18
21 5
39 44
40 36
19 33
12 12
22 30
42 45
29 35
48 43
5 19
34 29
4 21
42 35
13 21
36 3
38 46
26 45
46 21
28 39
28 46
11 35
37 12
35 35
3 6
10 23
13 50
42 27
43 47
11 19
4 32
18 28
42 45
14 46
9 17
6 38
25 15
43 20
44 35
3 7
37 8
17 46
50 2
46 21
3 14
18 26
19 36
4 17
50 6
8 31
49 4
28 24
4 29
47 9
5 33
31 7
2 15
47 29
44 36
20 41
1 35
23 18
29 40
16 33
35 1
16 35
17 28
12 19
10 1
12 23
48 44
45 47
24 14
10 4
31 38
14 20
32 1
29 20
2 35
4 18
8 37
7 48
6 13
20 31
50 44
19 40
50 26
1 45
9 16
31 50
50 0
9 22
19 4
11 7
36 40
16 44
48 37
33 25
17 27
44 31
38 16
33 32
1 42
39 44
2 9
14 1
50 18
35 34
37 45
5 4
14 43
47 5
48 26
3 16
7 25
7 5
40 49
11 1
33 45
42 14
38 34
16 13
20 27
22 17
26 20
39 50
15 21
41 50
11 50
21 35
12 13
17 23
30 46
4 24
6 28
39 37
5 10
50 14
20 44
30 36
31 1
8 5
10 28
29 39
46 38
10 26
43 32
42 14
42 10
38 21
49 3
31 36
19 38
11 41
47 47
18 29
31 21
37 44
6 42
39 45
50 38
44 39
4 21
38 27
46 23
7 29
40 13
15 18
43 4
24 9
7 47
38 23
24 14
23 31
44 15
15 14
49 9
16 50
12 7
45 23
32 5
19 33
9 7
39 9
42 44
13 32
14 48
27 18
50 29
39 0
30 42
27 8
18 18
31 27
48 50
18 18
14 14
37 28
17 3
15 48
47 31
10 12
44 8
47 50
22 34
50 29
45 4
8 44
17 1
40 38
34 16
17 10
22 46
11 11
49 8
3 10
17 28
15 37
40 33
2 31
47 26
22 40
50 28
32 28
21 38
33 32
49 13
35 27
8 25
34 2
36 19
7 9
37 23
30 46
42 16
15 37
15 34
31 1
25 16
40 43
39 46
44 21
9 31
27 46
34 9
0 5
1 13
23 37
9 41
5 20
31 9
40 25
30 17
5 1
18 30
24 50
48 37
17 46
22 12
14 20
43 24
22 47
25 42
25 50
47 0
46 44
44 33
7 2
13 11
47 31
10 48
5 50
11 25
5 47
12 42
16 32
40 43
5 17
0 47
10 45
30 36
21 42
48 30
38 15
16 8
14 42
5 39
24 27
3 42
24 14
27 48
31 0
1 16
49 2
10 31
38 23
35 25
50 9
9 42
30 34
31 36
32 32
19 0
13 32
16 9
0 6
30 22
21 4
44 48
32 42
13 2
27 14
2 34
43 23
29 10
37 7
16 2
46 36
18 23
6 48
26 38
13 24
29 40
42 40
37 6
7 16
43 23
2 11
42 50
30 47
6 29
1 14
25 42
35 43
19 46
50 14
32 39
35 32
37 43
7 48
11 48
0 19
20 31
14 13
9 21
22 26
21 27
29 25
7 3
48 39
46 42
30 33
1 34
17 15
38 25
39 16
23 19
44 27
8 42
43 0
35 3
24 24
27 21
14 3
45 48
35 24
45 20
36 15
47 12
8 20
15 28
16 28
31 38
40 4
0 1
17 15
39 35
17 9
7 12
32 36
33 36
50 23
40 49
46 46
14 10
15 42
35 11
40 41
29 26
1 8
41 23
2 3
2 23
31 46
28 20
38 36
0 6
35 20
24 25
5 39
16 34
31 42
20 9
24 45
48 44
14 28
17 43
16 29
17 16
39 36
13 21
11 13
43 4
44 36
37 48
21 0
38 39
22 23
20 39
3 8
22 10
37 17
45 46
32 10
28 16
14 45
13 4
22 34
20 18
5 2
43 2
13 10
30 23
36 4
35 7
8 20
47 48
22 27
32 9
26 16
37 38
38 5
6 34
10 12
16 3
16 6
11 6
18 4
42 4
32 27
44 16
1 2
3 10
35 12
19 13
17 37
28 27
28 22
6 22
44 11
31 32
39 41
50 22
11 0
20 41
15 12
47 4
32 3
15 29
3 11
49 26
29 44
12 16
12 46
42 49
15 19
13 32
26 23
15 15
43 30
43 47
18 23
23 29
41 43
44 4
42 27
43 30
32 8
6 9
1 42
30 8
24 13
21 13
11 20
8 24
15 4
48 32
46 18
2 12
31 13
26 37
5 16
24 38
49 14
31 13
31 34
13 43
28 13
45 26
9 13
40 46
44 27
3 2
6 44
10 47
10 8
13 1
49 48
37 47
28 18
35 45
17 1
4 20
24 16
27 35
32 37
6 2
43 22
26 47
26 16
40 28
34 16
3 9
31 41
32 3
36 10
44 49
34 17
15 32
19 5
28 7
29 40
49 30
45 44
19 14
3 14
45 19
40 7
6 34
10 7
43 4
19 22
2 25
24 35
46 6
19 33
16 45
31 49
29 10
37 26
20 18
19 27
31 10
26 36
46 38
42 43
10 49
39 45
19 27
27 37
50 18
26 33
24 6
38 18
0 39
47 32
47 18
8 0
23 3
42 41
24 22
18 8
14 26
10 38
16 13
17 30
25 29
4 44
44 15
29 33
44 22
17 10
20 36
17 31
10 20
34 7
13 48
20 35
22 0
16 35
8 32
8 17
30 14
39 0
47 26
12 32
12 28
44 42
49 40
36 27
24 10
33 25
17 31
10 32
10 35
33 49
23 40
29 20
2 49
49 46
16 8
0 47
32 5
18 24
49 24
30 9