50
3 12
7 40
43 19
10 36
24 1
14 44
1 22
44 41
5 30
41 18
35 27
33 40
1 44
46 24
14 3
3 35
23 37
21 46
42 42
13 31
31 45
50 7
21 47
26 46
35 9
5 17
6 43
30 24
17 9
42 27
44 7
43 13
41 13
28 3
12 1
23 38
29 39
46 28
6 49
44 37
8 2
3 18
24 21
5 38
11 17
37 44
50 15
24 13
35 37
47 35
17 18
45 43
11 42
44 7
21 28
37 39
25 14
33 47
35 10
35 15
22 50
40 12
1 26
8 29
48 17
6 14
48 46
14 12
25 37
48 11
33 12
23 45
45 45
6 29
37 38
46 38
1 25
5 42
7 19
14 29
11 24
31 23
21 40
18 45
13 39
46 40
10 19
9 6
46 9
24 8
12 31
48 50
33 47
29 46
39 19
6 23
2 28
27 0
21 46
8 30
9 25
28 35
44 37
43 31
41 0
35 31
34 21
2 2
30 48
43 24
36 48
11 5
8 46
13 35
35 28
17 25
1 32
15 43
47 37
3 50
15 31
34 21
42 29
35 4
14 9
19 17
27 21
30 36
31 2
49 0
8 4
4 43
12 42
45 41
30 40
45 35
34 17
8 49
32 44
50 25
31 4
1 9
14 32
13 4
25 43
13 20
9 26
50 30
3 26
17 8
32 4
36 46
4 47
15 19
43 7
28 32
29 20
34 13
38 31
35 15
24 15
13 20
3 10
6 9
19 39
16 8
30 39
44 45
17 29
13 44
7 40
33 22
19 5
50 39
29 25
35 32
28 6
15 9
40 13
32 13
3 31
1 41
36 35
14 9
9 34
2 32
25 46
19 22
38 7
7 43
24 12
35 29
10 30
21 19
6 50
34 17
24 50
11 11
18 28
0 25
40 48
8 23
27 17
21 24
43 31
11 15
30 25
42 24
25 27
29 3
17 4
21 10
7 39
44 20
8 12
49 31
40 29
43 48
22 9
32 17
13 43
13 7
5 0
30 47
40 31
28 1
20 49
48 48
21 35
45 33
5 11
46 7
45 39
15 34
11 41
5 40
13 17
23 21
26 24
2 49
45 45
27 18
0 7
29 32
13 22
41 1
50 15
19 31
24 36
8 30
21 8
3 39
37 8
5 13
25 40
2 16
1 17
27 34
38 5
1 5
1 14
43 47
50 47
33 15
0 9
18 10
45 18
17 11
50 4
26 38
14 17
46 17
9 20
13 34
24 6
29 20
9 46
25 0
2 40
17 18
45 15
47 28
1 44
1 32
17 19
9 37
35 9
36 19
17 19
32 15
33 6
50 23
47 47
37 8
10 5
33 25
20 25
49 25
45 25
31 47
43 12
43 27
35 47
48 9
7 16
32 4
33 48
12 34
46 6
26 25
46 9
10 39
16 25
26 24
33 47
28 11
29 23
25 19
25 35
32 41
45 24
28 18
4 41
2 25
25 16
38 15
5 5
35 29
30 24
35 49
0 18
31 8
10 4
25 28
32 16
10 17
33 14
12 6
14 7
48 6
49 11
3 36
5 25
31 35
3 15
31 48
28 50
46 46
32 3
30 9
44 27
47 28
18 30
22 39
8 5
4 10
9 7
3 7
10 8
25 45
49 25
38 17
34 24
14 1
6 14
42 40
45 33
43 26
26 37
25 44
15 32
26 6
10 1
33 13
0 37
31 11
32 25
6 23
17 19
8 48
49 47
3 34
42 3
0 34
16 30
31 25
39 23
49 4
14 24
25 41
30 30
37 1
8 21
1 35
35 22
8 10
20 18
24 9
15 16
28 42
46 27
40 8
21 14
35 35
8 8
16 27
27 1
29 25
30 10
8 26
39 30
39 26
45 17
37 20
15 20
28 28
33 37
15 19
38 12
3 11
29 34
25 20
21 42
21 25
20 33
16 18
38 5
10 8
40 29
47 47
43 17
10 20
28 43
26 37
14 49
45 44
5 28
5 17
25 35
15 24
46 32
2 44
41 5
9 46
41 10
21 24
41 35
21 8
38 7
45 18
19 17
45 42
26 39
27 8
5 27
48 21
4 26
19 42
15 34
40 39
26 50
38 44
22 13
31 35
47 12
27 14
35 20
2 4
31 15
29 13
22 37
21 43
2 0
6 34
46 1
1 9
21 30
0 11
2 4
16 22
35 41
24 31
23 7
38 8
22 5
9 37
1 44
21 21
31 3
41 3
26 37
17 33
17 25
48 40
15 30
4 33
27 50
1 22
27 17
47 38
48 31
25 23
6 47
40 33
41 42
49 27
18 25
38 49
0 6
17 10
3 34
43 21
1 16
8 6
23 38
22 48
29 26
0 50
35 6
27 44
22 31
41 30
17 17
50 44
1 36
28 20
39 17
10 2
15 9
17 3
1 1
20 4
25 31
2 18
25 5
4 1
10 16
24 23
30 34
33 21
26 19
33 8
33 19
7 43
25 48
36 50
50 20
8 25
33 47
2 7
17 24
6 37
31 50
1 25
11 23
42 30
21 20
15 49
19 11
17 45
42 7
12 15
3 4
37 42
40 11
13 25
19 31
1 25
4 26
40 49
15 20
49 37
12 9
46 25
28 21
34 10
0 30
19 27
16 41
16 27
0 13
46 38
29 40
30 30
25 18
46 26
50 43
45 29
6 34
21 48
21 33
10 11
47 38
34 8
28 23
42 20
29 22
34 29
39 23
29 6
48 2
36 36
49 34
36 31
20 45
7 4
40 1
17 28
21 36
44 23
47 44
50 37
36 24
49 17
4 44
47 46
31 32
43 27
9 1
50 49
19 29
24 4
45 24
26 12
40 6
33 10
14 7
3 7
43 12
16 42
12 36
47 19
27 50
1 16
33 46
20 30
19 28
28 44
11 10
17 32
45 32
10 42
16 5
0 47
36 8
26 1
14 7
36 11
10 39
7 43
38 10
35 15
6 17
44 22
1 25
14 17
9 42
34 38
28 9
46 24
35 5
35 33
9 15
23 7
9 0
39 30
49 41
9 48
14 20
24 29
11 31
49 34
50 21
5 37
4 20
11 42
26 21
27 0
2 28
0 8
33 24
7 2
18 6
19 22
3 16
2 41
11 49
32 1
31 32
1 20
29 37
19 44
26 29
14 37
17 38
13 12
44 38
1 41
12 32
27 29
22 50
4 16
48 41
10 35
48 43
24 27
5 32
28 0
11 31
40 9
24 39
14 45
25 9
33 29
30 3
14 38
0 44
33 39
50 31
47 23
16 36
20 21
16 14
33 19
25 43
2 16
7 50
26 49
1 50
38 6
33 25
31 9
31 0
39 33
2 33
0 27
15 23
26 42
20 8
14 9
16 17
23 21
3 33
4 14
37 28
46 11
35 12
11 9
21 13
48 16
19 25
6 32
38 3
38 40
15 24
42 47
50 44
29 25
28 25
48 29
42 26
48 42
48 2
44 5
31 36
4 22
11 22
1 32
40 10
32 9
23 5
20 15
1 16
30 7
26 50
1 35
27 22
3 37
25 25
9 17
40 17
18 20
0 24
44 44
20 17
24 18
27 8
41 12
37 33
48 19
50 9
31 40
48 47
20 25
40 20
26 20
21 28
37 17
17 21
44 35
19 20
48 25
14 2
31 30
2 46
30 10
35 32
2 27
34 14
31 20
27 33
44 10
15 14
36 14
14 4
10 15
27 39
25 42
16 38
28 35
42 36
2 17
2 14
19 5
2 18
7 29
20 34
50 10
36 42
3 41
44 34
40 33
39 21
33 34
21 41
10 28
45 22
35 48
4 13
16 43
26 1
21 35
36 40
47 13
29 5
34 32
36 24
45 11
14 45
47 38
3 15
42 24
44 29
44 28
7 2
33 4
18 36
13 42
8 9
4 5
23 34
16 3
21 50
6 15
11 45
7 17
11 47
13 36
17 32
10 44
28 45
3 23
39 23
38 12
13 8
20 40
30 47
10 49
30 23
43 21
43 30
9 43
25 48
11 22
3 49
12 23
38 29
3 30
30 0
25 1
20 1
5 48
7 4
16 48
16 18
44 48
6 0
6 33
23 12
35 2
30 41
3 2
13 9
3 32
9 42
35 50
11 4
49 42
43 50
1 7
15 48
27 16
4 39
8 1
44 41
22 25
21 13
4 18
5 42
37 21
7 22
36 29
20 47
36 13
15 19
35 16
25 24
25 7
3 16
48 5
36 43
24 16
36 6
21 37
16 35
15 27
50 26
4 8
46 20
2 7
47 26
36 46
29 7
48 40
50 42
45 4
46 35
10 30
6 0
32 2
6 40
41 38
25 41
32 1
4 37
6 35
50 16
45 0
1 26
5 7
45 23
22 27
15 20
30 22
44 41
24 32
15 41
12 22
34 18
7 30
39 49
42 5
27 2
24 10
27 50
50 26
6 22
30 36
10 24
1 8
47 32
33 39
49 37
18 28
32 35
41 44
22 25
13 36
10 10
19 41
26 24
4 28
6 49
4 6
4 9
0 49
30 40
23 31
29 10
0 26