50
47 24
47 50
46 23
16 43
50 49
28 6
43 7
13 21
28 48
17 33
9 21
47 47
17 36
2 8
27 24
44 46
25 4
29 47
5 20
31 40
39 43
10 42
30 27
34 16
40 36
9 20
8 16
30 13
35 16
23 24
30 14
7 40
41 21
26 33
40 39
30 32
35 33
19 42
33 33
50 3
1 21
38 8
6 49
44 1
9 32
5 47
36 22
1 32
1 10
25 5
32 14
5 16
49 26
31 47
21 27
42 41
47 7
6 36
50 5
32 33
35 36
30 43
32 8
20 5
46 42
29 32
22 26
13 27
14 19
17 13
46 25
3 16
29 24
38 19
20 12
30 2
17 21
17 18
37 7
11 5
3 13
31 41
45 49
39 26
22 7
31 36
9 1
1 33
15 27
43 42
0 50
33 36
9 29
27 10
2 24
27 15
31 19
28 32
7 21
32 16
11 24
29 36
5 10
26 1
5 46
20 30
48 1
28 31
32 49
45 50
11 5
50 2
13 7
17 13
27 20
34 40
22 22
4 30
14 29
37 30
2 39
39 20
47 7
13 14
46 32
19 7
21 21
10 47
42 44
0 44
29 24
36 39
21 29
22 34
26 32
50 7
24 42
8 11
37 6
22 37
36 49
3 2
33 45
10 22
50 25
22 12
30 36
23 21
25 40
2 47
14 45
37 2
15 10
2 25
10 45
33 7
0 23
15 38
47 14
47 35
10 23
44 26
47 33
35 16
22 29
30 36
41 50
45 47
17 36
41 22
21 1
22 7
16 37
39 49
12 46
47 4
33 19
35 32
0 31
36 21
17 38
21 12
13 32
24 26
43 32
37 28
28 8
43 18
45 7
45 17
26 15
47 11
2 27
9 9
48 21
42 20
15 30
43 0
3 32
13 29
27 19
40 2
11 21
10 11
33 49
10 6
30 34
43 14
26 18
29 45
49 7
26 47
34 31
6 34
40 23
49 38
12 13
21 34
20 13
34 21
45 0
7 12
1 44
25 35
32 16
30 33
42 28
22 33
22 24
31 27
15 37
7 2
48 1
36 9
44 48
5 36
37 27
13 33
37 46
39 10
46 9
19 34
35 31
34 27
35 27
2 21
31 43
14 37
45 9
20 3
46 15
1 9
27 9
2 8
11 19
18 22
24 1
11 1
27 40
32 16
27 48
10 27
7 33
6 11
32 49
6 6
0 17
46 13
41 48
49 14
1 18
15 50
41 50
17 29
26 3
40 45
34 4
31 16
49 13
33 15
23 14
41 45
19 2
49 48
38 35
40 18
5 10
46 50
22 23
37 31
31 25
45 9
6 25
3 12
15 43
1 42
48 15
4 29
22 14
19 15
0 19
43 19
41 25
21 15
22 17
32 9
17 48
25 47
34 37
6 47
9 3
25 44
26 38
12 42
20 39
26 31
22 37
50 10
27 26
5 28
35 6
5 26
19 18
43 3
26 2
40 41
33 11
28 50
43 23
15 27
50 19
20 29
28 16
9 35
12 21
2 20
19 31
12 1
15 49
20 5
7 5
9 24
46 12
37 1
42 22
4 10
31 21
26 27
48 10
19 12
29 35
9 31
35 34
18 27
13 5
15 22
34 35
24 24
21 4
25 5
13 5
38 39
2 43
21 43
0 9
47 9
33 13
46 12
35 5
5 0
33 31
21 35
20 33
6 0
48 38
23 30
1 24
6 27
20 17
23 22
8 15
30 42
34 12
46 19
11 10
27 34
48 23
13 13
0 12
43 44
32 30
2 33
20 0
10 42
17 44
44 42
24 49
29 19
40 6
39 19
44 27
15 44
24 10
37 21
9 5
22 41
34 34
1 45
38 2
43 16
7 5
38 29
24 16
36 37
37 47
46 9
44 41
39 1
21 23
12 25
38 39
36 40
18 39
37 12
9 19
22 36
7 13
36 18
38 24
0 27
34 4
7 7
2 48
16 48
17 25
12 38
46 15
44 9
17 35
32 21
43 5
27 11
31 13
5 29
31 46
30 44
19 30
1 20
37 25
47 29
6 47
19 6
15 26
28 31
8 33
46 40
17 18
24 27
42 5
39 36
7 33
14 27
46 24
32 21
37 48
49 37
35 26
17 3
25 35
6 15
15 19
8 23
43 28
47 34
8 28
17 3
8 32
3 47
23 43
2 32
10 7
44 34
4 31
21 35
13 34
43 19
39 31
49 44
16 38
1 22
3 2
20 10
39 31
4 43
33 29
26 0
7 36
45 26
46 38
42 4
8 1
40 4
1 0
30 41
10 14
26 30
11 49
12 35
33 22
48 48
19 9
11 17
4 39
46 50
27 16
26 10
43 18
37 25
11 14
34 27
5 8
11 23
6 43
36 44
16 14
30 32
15 38
42 33
17 38
15 0
42 25
50 24
29 30
46 36
44 9
38 15
11 6
30 12
2 29
21 10
47 49
9 23
44 28
35 37
44 23
16 6
2 29
29 32
43 49
41 2
24 15
34 43
22 9
13 4
41 15
36 12
7 21
49 1
12 36
10 44
48 1
47 15
47 1
4 47
11 46
40 40
22 21
24 27
32 44
35 0
2 5
3 15
0 17
35 36
13 29
10 12
6 38
37 25
26 24
34 36
12 15
2 45
16 23
16 42
5 24
27 40
8 48
23 5
32 8
0 1
26 14
35 5
23 7
2 7
39 50
1 38
37 6
39 5
7 36
32 35
34 22
48 21
41 48
36 30
43 2
24 28
7 38
5 32
7 28
17 35
14 40
31 21
27 30
35 29
16 12
22 28
6 9
40 7
25 41
32 18
48 45
38 48
35 50
17 11
36 13
34 11
18 12
45 7
46 25
5 6
32 13
2 47
38 37
7 27
21 41
29 45
31 45
39 1
50 0
44 15
17 28
38 21
39 20
38 29
27 13
27 2
8 22
24 38
14 50
10 48
19 27
36 16
29 26
15 29
7 8
2 35
20 47
1 7
32 5
50 22
24 50
37 33
45 25
17 15
20 27
33 29
49 0
23 24
38 32
30 14
7 12
30 27
41 44
38 13
3 31
13 6
30 5
1 12
50 32
22 31
42 31
22 33
34 14
40 40
46 19
40 39
44 31
36 28
24 14
11 32
45 47
42 16
2 0
23 50
31 41
5 37
5 13
31 15
45 21
30 46
24 30
7 2
49 49
49 26
5 13
13 36
11 30
12 48
48 34
39 2
22 41
18 14
25 8
38 15
20 18
48 32
23 2
42 5
16 41
41 44
17 34
4 8
36 19
41 5
11 15
46 4
24 22
17 1
50 41
3 30
49 45
40 10
14 11
46 47
29 28
2 2
29 33
23 23
5 30
31 17
18 31
49 4
12 19
33 1
2 38
21 44
15 8
41 12
38 12
15 3
7 48
49 7
24 14
13 2
25 34
18 28
17 22
48 22
1 12
39 15
3 39
5 34
7 9
44 0
27 14
49 34
38 6
3 23
18 42
35 47
16 50
38 18
35 32
42 9
44 48
44 12
10 3
35 27
19 32
26 17
0 50
48 45
33 46
24 11
21 27
32 15
24 0
19 39
42 0
4 28
18 31
16 24
45 47
49 1
2 28
34 4
50 3
26 15
34 41
40 37
38 16
48 2
50 35
18 34
21 28
19 31
40 13
37 29
39 49
10 8
5 25
10 33
50 43
12 27
31 1
18 10
43 13
33 43
1 5
20 13
44 36
1 31
15 47
4 15
20 10
28 41
22 37
48 45
17 40
35 25
36 3
49 9
17 31
37 7
28 41
30 8
8 22
17 36
27 9
44 47
21 40
24 13
30 44
37 41
0 7
27 46
46 18
5 28
13 40
13 37
22 39
7 8
2 42
35 48
26 5
33 42
44 46
12 21
37 33
2 37
13 43
47 36
17 14
23 19
40 47
11 12
14 15
48 13
28 35
29 40
41 24
22 46
2 38
33 30
17 44
31 15
28 5
6 39
35 26
7 34
15 10
15 18
20 1
29 44
0 24
18 16
38 28
24 19
11 16
23 40
40 23
28 49
21 7
14 17
43 14
5 28
47 48
44 10
5 34
49 29
27 48
36 16
0 8
20 26
22 21
32 15
27 29
26 30
1 29
25 49
17 7
5 48
31 25
31 2
43 1
23 16
21 30
47 4
45 50
46 11
47 36
2 22
41 8
46 42
16 38
46 42
50 16
11 41
24 22
49 33
36 50
5 0
36 35
34 20
46 35
17 10
19 10
45 15
2 3
22 19
26 49
6 11
33 49
40 44
4 28
48 40
19 1
21 26
5 40
1 4
12 50
35 44
27 31
20 41
36 14
9 36
18 31
4 40
36 35
37 30
17 8
29 1
8 20
44 2
45 17
36 35
47 39
40 19
40 5
38 17
39 49
40 11
32 14
0 35
15 18
40 17
34 23
6 37
7 35
19 2
26 25
42 0
40 45
43 19
6 30
36 0
48 11
42 45
30 26
40 29
18 47
11 9
38 36
48 11
29 24
24 32
13 40
20 37
18 28
42 24