50
6 10
24 18
11 50
7 32
4 17
7 37
22 46
18 6
45 20
49 35
32 35
11 40
48 48
28 0
41 23
49 22
34 23
35 18
33 37
37 17
3 25
28 48
20 20
44 36
14 11
15 13
47 50
42 35
34 47
2 45
21 39
20 36
8 26
11 24
11 43
6 35
32 23
1 44
3 3
48 17
44 11
33 50
4 47
22 12
33 3
27 35
22 36
8 38
40 9
27 12
30 15
20 48
1 7
42 12
14 50
36 18
39 42
21 32
29 20
46 4
21 34
15 30
10 30
7 9
9 13
14 47
13 10
48 33
3 44
38 19
44 35
3 7
48 0
44 47
39 4
44 14
48 31
0 11
33 10
50 44
38 48
42 30
6 5
2 9
11 39
4 40
44 11
40 38
15 15
4 38
7 4
15 33
18 15
7 7
36 1
31 29
23 26
37 39
9 30
16 37
21 23
17 29
11 37
9 15
12 47
9 35
18 7
26 45
32 23
40 2
16 10
46 11
9 31
23 4
20 19
3 32
5 7
37 5
10 18
35 42
45 49
17 29
6 44
26 26
37 15
46 19
7 17
29 39
32 39
25 24
40 41
12 18
40 16
2 3
43 12
14 13
29 16
30 44
12 17
49 36
45 30
46 38
12 31
46 35
26 35
11 28
37 31
19 8
9 22
1 31
20 42
48 40
29 2
30 50
4 32
25 9
1 19
40 34
10 26
29 0
31 35
3 11
46 32
41 34
35 34
0 3
42 23
38 50
29 13
1 23
36 21
32 19
20 7
25 19
45 28
25 37
15 4
50 31
21 1
50 34
45 27
27 22
17 27
10 40
28 12
42 24
33 42
38 33
11 0
19 47
33 12
1 38
16 18
10 14
29 39
25 14
29 48
41 28
29 28
14 6
2 35
20 12
44 1
15 45
27 29
19 2
32 9
12 39
24 41
35 4
47 28
3 8
34 5
42 32
47 47
33 18
40 40
28 22
35 30
36 35
7 16
18 26
48 36
40 17
35 8
50 25
7 23
15 21
21 28
19 4
47 48
4 44
50 46
41 0
25 44
43 9
16 28
26 50
8 35
22 32
33 34
6 31
1 3
19 30
26 26
47 22
36 9
33 41
31 47
34 4
4 50
33 11
42 15
16 20
13 8
4 22
7 31
20 35
16 48
2 27
17 34
16 21
30 50
2 14
34 17
46 28
48 38
5 19
12 30
47 49
25 32
44 40
48 11
18 23
21 0
49 36
34 5
41 2
35 26
47 1
44 26
29 12
47 6
34 10
1 39
17 30
38 12
0 4
18 49
7 34
4 35
0 36
19 2
42 14
26 26
1 1
28 47
1 44
3 20
11 41
17 30
5 20
45 44
3 50
6 40
39 50
26 0
27 5
10 6
30 37
10 36
14 2
47 6
50 15
36 16
24 43
31 40
50 28
6 43
6 50
47 35
18 2
10 10
43 6
10 34
14 18
47 22
45 21
19 12
6 21
42 16
40 42
34 47
48 24
6 3
9 9
28 1
14 45
29 13
23 42
5 1
8 8
49 32
9 2
24 17
5 37
40 27
15 23
46 8
27 5
39 1
37 48
9 30
7 31
33 21
7 14
37 27
34 50
28 42
2 14
7 14
35 44
47 7
13 16
26 22
43 7
7 16
25 23
8 41
1 23
3 36
10 18
17 47
10 21
5 9
37 12
50 49
17 3
31 10
43 42
0 4
24 13
34 49
2 6
27 4
50 48
26 46
14 24
29 36
9 5
5 19
31 43
21 18
43 8
24 20
6 37
0 41
1 36
22 21
22 50
19 26
3 18
38 40
26 38
3 21
3 39
13 39
35 34
48 18
45 47
27 12
40 14
42 48
32 49
9 27
40 17
17 16
17 39
24 31
3 14
12 35
37 20
2 8
35 23
6 33
3 41
3 28
24 27
47 37
38 16
19 12
34 31
37 37
40 37
34 49
46 13
33 27
28 19
34 35
46 15
46 30
11 14
16 40
33 37
37 4
18 3
2 17
12 20
41 34
32 34
6 46
7 38
13 42
46 27
6 18
16 22
8 12
39 7
17 39
23 36
14 49
49 10
10 46
3 12
9 48
25 45
3 12
30 39
24 7
50 43
28 36
32 26
16 35
30 31
32 8
20 12
31 19
2 47
27 1
25 26
45 9
30 34
29 27
6 36
23 0
31 13
36 17
9 41
32 17
12 24
19 2
8 35
18 26
45 41
32 39
1 48
9 6
46 12
9 12
26 30
10 3
10 4
44 29
46 12
19 19
24 32
33 14
21 42
42 42
46 24
23 21
48 43
26 11
34 11
39 1
43 41
15 31
26 43
18 45
30 43
27 14
43 48
2 42
21 48
50 6
26 0
37 46
17 25
48 0
3 43
22 28
3 33
18 3
11 35
35 10
6 34
11 32
19 0
23 26
36 15
7 38
31 29
37 10
46 44
17 10
33 2
23 50
46 49
0 9
28 46
48 16
7 40
44 0
37 2
7 3
16 50
43 23
2 27
44 5
14 39
4 25
8 41
40 40
49 27
37 22
4 49
1 26
8 1
49 26
4 42
6 48
34 50
49 24
29 7
29 38
7 35
24 29
32 37
34 26
1 37
2 38
32 45
21 30
43 41
37 40
5 25
2 35
14 47
9 38
15 24
5 22
2 34
14 14
22 7
41 30
29 42
4 1
11 33
14 39
25 20
42 5
23 43
25 15
32 30
47 40
25 35
50 38
30 18
50 19
2 38
14 14
5 17
6 12
30 25
42 41
48 7
6 39
21 37
28 38
20 25
37 40
20 41
21 26
43 46
27 36
31 50
27 11
50 29
5 16
6 20
21 26
18 36
49 37
12 10
36 47
49 38
28 9
21 2
34 21
33 12
16 24
36 14
30 10
41 5
22 8
49 22
29 0
50 47
30 33
41 7
33 25
45 41
13 47
36 5
39 24
39 16
9 28
3 20
12 49
10 31
16 25
47 2
7 6
36 17
1 48
32 45
2 15
35 26
50 27
22 2
4 39
30 12
24 27
15 0
48 20
25 22
47 33
38 45
20 26
12 20
10 23
49 24
24 32
27 24
13 21
6 19
15 31
31 24
37 8
34 16
12 7
4 33
24 15
29 3
19 27
28 22
50 45
17 47
27 47
46 8
15 37
37 3
27 6
23 24
23 18
47 19
48 22
17 15
30 2
24 13
30 5
16 24
16 48
7 32
12 40
46 21
27 18
31 20
4 34
16 48
46 36
2 32
44 43
14 8
32 26
50 14
11 46
31 27
40 44
30 1
6 44
49 25
41 48
6 4
14 21
38 15
32 21
15 50
0 21
6 2
21 29
46 18
10 40
50 24
8 6
25 14
36 40
48 40
1 44
18 39
5 31
3 47
21 27
33 5
20 30
28 21
30 20
22 50
14 12
42 46
37 1
5 10
30 24
31 1
16 42
22 0
11 12
38 36
23 7
39 26
28 45
16 39
36 43
18 36
32 34
37 7
21 42
42 37
12 4
14 22
26 46
11 38
34 19
26 50
42 28
2 29
4 36
18 30
25 35
4 9
1 13
9 41
43 5
33 6
36 21
44 19
20 14
35 33
14 24
33 18
20 2
35 14
42 26
29 13
21 0
4 21
17 25
13 35
44 39
30 39
13 1
1 23
37 43
31 19
0 27
27 20
5 9
0 5
31 9
29 14
10 11
15 50
32 31
28 30
25 42
44 28
28 35
22 26
33 24
27 30
10 22
4 18
6 31
38 33
1 22
41 14
7 46
3 37
47 43
12 17
1 19
49 34
1 34
19 34
12 43
1 18
0 26
38 25
24 29
23 38
6 45
38 49
29 49
10 15
20 23
31 8
4 45
9 7
10 32
43 11
27 7
24 16
13 38
3 43
31 23
34 33
28 37
39 41
12 19
1 2
34 16
28 48
47 35
30 5
4 39
35 5
15 0
0 37
6 21
29 45
13 42
8 38
43 24
30 27
42 47
16 42
33 0
11 30
7 40
15 4
8 18
11 9
43 29
46 35
22 42
21 23
27 26
33 48
30 9
18 45
20 41
47 39
23 29
9 25
17 12
1 2
4 25
8 6
22 33
33 5
33 6
9 21
15 8
8 32
41 45
5 33
1 49
47 45
12 6
15 31
29 49
33 6
50 18
29 21
11 32
12 18
35 16
49 13
9 2
46 23
0 38
20 0
50 36
43 27
35 21
20 0
49 44
16 46
49 31
36 8
49 49
41 3
11 29
2 41
28 37
42 34
10 30
46 2
39 23
44 0
6 8
31 45
6 1
45 50
7 46
1 0
49 43
42 32
4 39
30 20
12 9
8 32
14 26
16 10
1 3
22 40
28 22
44 13
23 29
31 11
38 21
35 20
19 16
35 7
5 7
25 36
2 46
19 5
18 29
19 15
29 37
8 40
38 19
24 1
6 45
20 44
6 43
29 20
47 29
2 9
20 13
30 1
40 41
36 18
26 48
40 5
23 25
17 9
50 12
35 16