50
30 46
31 22
0 13
44 29
30 4
9 32
5 46
36 7
28 0
27 16
44 25
33 15
21 17
14 25
37 0
30 33
10 13
22 1
40 16
50 45
40 26
44 12
8 37
47 9
49 43
20 6
46 49
23 5
26 21
23 31
4 6
30 9
24 42
47 2
44 9
47 16
2 47
38 13
5 14
45 13
26 42
8 7
24 16
44 27
28 17
44 3
1 12
35 24
32 40
14 22
22 2
23 20
27 25
14 15
44 6
9 5
37 47
3 30
48 47
3 41
11 19
13 43
35 3
16 43
48 45
39 25
37 12
38 5
28 7
25 44
3 15
15 20
41 38
10 34
42 14
28 30
42 1
4 46
17 44
38 45
24 15
6 13
31 43
8 35
0 40
26 20
6 10
50 25
8 15
20 42
1 40
49 28
42 42
20 15
15 44
17 0
21 17
12 39
47 49
3 30
13 42
25 13
41 43
30 5
13 12
42 4
32 36
27 4
6 42
15 26
4 17
30 34
27 7
36 6
23 15
16 33
46 31
17 5
22 46
40 0
36 9
38 44
19 27
16 32
18 22
10 25
41 40
43 44
21 27
12 16
43 30
8 1
45 23
34 50
5 10
38 4
25 30
37 31
10 41
50 38
26 50
43 5
33 13
36 14
3 10
0 3
47 50
21 7
37 28
50 50
37 26
16 8
1 47
32 15
46 39
48 19
48 17
33 14
49 22
40 3
47 33
22 34
31 11
29 49
19 22
41 50
10 10
19 18
38 19
33 36
18 26
3 34
35 44
21 18
20 34
9 5
29 38
36 34
9 24
3 5
11 35
42 31
43 22
7 25
16 14
0 12
45 36
31 34
14 21
50 24
7 47
29 13
1 16
37 12
32 27
49 39
5 2
36 15
31 7
27 8
5 24
30 27
49 6
32 7
6 17
50 11
48 25
34 24
35 20
24 23
0 0
16 36
50 39
39 19
49 1
33 28
45 37
28 17
3 34
23 18
3 45
43 38
32 41
27 22
43 0
30 20
47 45
17 34
30 45
25 14
20 10
5 48
24 40
47 29
6 22
2 30
29 50
22 13
40 36
10 23
5 29
39 25
10 36
10 11
9 47
6 22
32 25
32 7
37 6
43 3
36 11
4 49
11 22
28 13
1 37
19 0
22 30
48 5
23 14
45 25
7 34
26 22
16 12
5 10
12 48
31 47
9 45
1 2
0 46
40 34
3 47
15 45
12 12
33 40
20 11
23 35
35 18
35 24
40 17
22 18
33 46
27 23
34 17
28 10
24 41
32 25
39 18
34 48
2 6
18 28
41 23
41 28
36 31
25 49
4 45
27 25
27 43
1 20
46 21
8 29
5 20
8 35
30 7
5 20
33 43
24 49
16 23
27 22
12 7
43 40
27 2
10 4
31 46
28 43
4 24
36 40
10 20
9 44
0 38
25 48
31 12
4 44
28 16
48 5
21 21
43 41
9 13
48 33
28 49
43 3
10 5
24 9
20 1
26 18
31 50
47 41
44 33
14 15
37 6
15 44
36 36
7 46
43 39
47 22
2 50
9 4
10 3
31 1
18 42
44 39
24 32
2 25
21 46
50 50
40 16
20 32
16 14
48 42
19 19
39 10
6 33
38 35
39 18
20 17
23 44
24 19
50 33
46 23
38 24
36 22
13 0
46 22
13 18
30 20
41 33
36 9
48 1
7 35
4 18
28 42
50 19
11 45
48 37
12 3
15 34
20 16
46 24
37 3
34 48
38 47
18 26
45 23
24 48
43 42
19 24
43 22
21 49
42 33
23 8
13 43
45 41
6 49
49 1
4 25
3 28
46 36
41 34
34 49
9 27
47 48
4 31
22 33
39 5
1 32
29 43
11 30
50 5
16 35
18 32
9 3
31 9
5 2
29 12
0 33
44 29
9 26
23 19
25 2
5 1
27 39
2 23
24 28
9 16
17 42
42 6
40 3
33 12
50 24
41 13
22 50
31 12
28 47
2 44
50 6
15 41
5 32
27 30
18 4
8 16
10 34
15 48
1 38
34 50
19 17
33 47
37 37
29 11
10 14
46 2
34 2
16 13
13 39
9 5
31 17
2 12
43 18
15 26
14 19
31 4
5 19
33 3
21 16
50 41
27 44
45 44
22 2
8 44
4 39
17 1
24 3
43 39
43 50
1 5
43 48
6 14
19 29
42 36
27 30
8 43
23 20
18 20
38 13
8 48
12 35
41 5
10 26
11 8
23 35
27 32
40 2
18 10
37 38
31 19
4 1
44 29
28 16
8 12
30 21
0 14
40 35
25 25
28 3
22 14
45 27
36 49
40 38
20 14
43 43
38 44
23 11
43 50
22 12
19 15
6 49
9 43
6 0
27 34
13 46
33 16
47 44
42 1
13 8
3 48
36 48
0 13
41 3
26 39
2 12
5 18
36 6
11 33
50 19
38 19
46 12
19 42
33 29
4 38
5 12
17 48
50 32
41 0
38 30
41 47
30 37
37 42
21 5
48 1
3 11
15 50
9 1
47 50
32 35
3 24
21 38
41 44
25 34
28 34
31 32
9 46
23 9
7 3
42 4
38 40
27 20
27 6
38 24
40 48
44 42
3 25
34 10
9 22
17 23
47 19
16 10
13 41
9 48
45 1
9 8
12 9
30 46
15 28
49 13
50 23
19 38
40 21
14 2
42 29
7 49
40 28
8 28
36 14
17 34
7 23
23 28
50 44
18 27
17 46
49 18
15 1
16 34
30 47
36 7
8 22
45 49
9 32
34 3
29 18
22 49
35 30
16 36
16 28
18 9
33 30
37 31
48 30
26 13
31 7
5 47
39 8
40 1
20 3
15 6
9 1
17 14
21 21
42 12
13 34
19 4
21 38
42 33
37 6
19 14
8 38
15 27
5 40
8 27
4 50
14 33
3 50
20 49
50 15
17 44
2 16
45 5
9 2
39 9
32 4
49 10
23 7
37 3
37 45
3 31
43 44
19 17
23 49
22 39
21 50
19 37
20 38
10 27
30 19
10 2
48 28
30 15
5 39
42 48
9 46
44 29
46 19
1 20
47 16
15 27
12 10
9 32
30 44
9 1
46 44
5 43
7 21
28 13
40 48
16 43
49 31
46 40
0 45
12 38
37 18
13 45
45 46
39 16
30 28
33 14
9 9
2 40
23 43
31 18
28 16
48 15
18 19
34 15
44 19
24 44
16 29
2 11
18 22
34 4
27 20
18 12
24 18
50 17
30 30
44 40
34 5
24 4
7 48
13 25
16 10
29 27
18 50
0 15
0 41
5 42
36 4
2 25
4 3
7 44
5 9
39 2
41 44
49 42
44 10
43 26
20 12
5 44
35 14
32 15
37 48
32 38
39 33
18 4
4 46
12 10
15 45
20 22
8 44
24 25
9 14
38 2
21 11
27 2
48 41
29 28
25 15
6 34
8 26
19 14
21 45
22 26
0 44
49 10
47 46
11 11
9 24
28 29
0 13
29 31
44 23
31 31
11 24
1 17
30 14
41 14
32 14
1 2
22 10
46 23
16 8
0 12
39 11
8 33
41 41
44 28
2 7
7 32
22 12
12 23
22 48
41 15
43 35
20 3
9 18
41 6
22 6
34 6
8 23
36 38
8 38
23 38
21 18
40 6
30 19
46 17
37 44
30 16
17 11
7 50
22 47
30 36
21 46
45 28
23 4
48 37
13 37
46 38
40 3
16 46
20 20
45 31
4 0
33 15
34 8
45 21
34 42
47 33
28 14
0 5
42 9
33 38
46 2
43 21
23 26
25 30
11 7
40 23
31 18
35 8
6 8
32 37
6 29
24 25
45 28
37 43
25 11
4 35
25 26
46 0
2 48
5 22
30 39
20 8
5 32
6 1
19 37
9 8
15 33
36 20
13 18
41 24
43 38
35 43
46 11
29 42
35 33
7 16
32 0
34 27
28 37
36 4
38 22
34 11
5 12
39 12
40 15
6 47
41 30
46 32
8 16
43 9
4 7
15 10
18 18
32 40
9 47
11 29
44 28
17 15
34 29
8 14
16 19
1 4
5 14
26 10
42 36
44 9
48 11
30 50
30 41
26 8
0 37
21 21
50 18
4 37
30 38
27 11
45 49
36 28
40 9
13 4
11 34
46 20
48 32
18 23
34 38
20 24
26 2
31 7
19 7
2 33
44 26
12 17
35 8
15 15
32 37
43 35
13 45
9 31
3 4
4 24
17 7
21 37
38 49
42 43
22 24
25 5
19 49
46 30
17 18
42 12
28 5
18 38
21 41
12 39
8 36
19 3
15 49
9 27
17 20
19 9
15 31
10 43
37 50
37 37
18 24
4 33
47 36
34 40
48 29
40 32
0 19
11 25
20 49
10 43
30 43
9 45
37 39
42 37
34 37
49 43
5 24
40 49
30 11
10 25
50 25
44 7
43 28
45 25
5 40
50 4
23 2
24 38
20 28
41 40
0 5
1 37
44 27
14 17
38 38
9 16
20 41
9 22